# Ejected BHs
#1:tcount  #2:TotalTime  #3:Nbh,tot  #4:Nbh,single  #5:Nbinarybh  #6:Nbh-bh  #7:Nbh-nonbh  #8:Nbh-ns  #9:N_bh-wd  #10:N_bh-star  #11:Nbh-ms  #12:Nbh-postms #13:fb_bh [(# binaries containing a bh)/(total # systems containing a bh)]
1 0 0 0 0 0 0 0 0 0 0 0 0
1 9.0330357e-06 0 0 0 0 0 0 0 0 0 0 0
2 1.9146885e-05 0 0 0 0 0 0 0 0 0 0 0
3 2.8666166e-05 0 0 0 0 0 0 0 0 0 0 0
4 4.4935276e-05 0 0 0 0 0 0 0 0 0 0 0
5 5.020861e-05 0 0 0 0 0 0 0 0 0 0 0
6 5.7663984e-05 0 0 0 0 0 0 0 0 0 0 0
7 6.3704172e-05 0 0 0 0 0 0 0 0 0 0 0
8 6.8848491e-05 0 0 0 0 0 0 0 0 0 0 0
9 8.0734437e-05 0 0 0 0 0 0 0 0 0 0 0
10 8.8598965e-05 0 0 0 0 0 0 0 0 0 0 0
11 9.5976186e-05 0 0 0 0 0 0 0 0 0 0 0
12 0.00010179581 0 0 0 0 0 0 0 0 0 0 0
13 0.00011109918 0 0 0 0 0 0 0 0 0 0 0
14 0.00011470557 0 0 0 0 0 0 0 0 0 0 0
15 0.00012322694 0 0 0 0 0 0 0 0 0 0 0
16 0.0001307228 0 0 0 0 0 0 0 0 0 0 0
17 0.00014249476 0 0 0 0 0 0 0 0 0 0 0
18 0.00015379302 0 0 0 0 0 0 0 0 0 0 0
19 0.00015914847 0 0 0 0 0 0 0 0 0 0 0
20 0.00016865056 0 0 0 0 0 0 0 0 0 0 0
21 0.00017472587 0 0 0 0 0 0 0 0 0 0 0
22 0.00019074749 0 0 0 0 0 0 0 0 0 0 0
23 0.00020721388 0 0 0 0 0 0 0 0 0 0 0
24 0.00023302281 0 0 0 0 0 0 0 0 0 0 0
25 0.00026047881 0 0 0 0 0 0 0 0 0 0 0
26 0.00028681106 0 0 0 0 0 0 0 0 0 0 0
27 0.00031416525 2 0 2 0 2 0 0 2 2 0 1
28 0.00036484581 20 13 6 1 5 0 0 5 5 0 0.315789
29 0.00040539025 39 28 8 3 5 0 0 5 5 0 0.222222
30 0.00047628182 70 59 8 3 5 0 0 5 5 0 0.119403
31 0.00058384046 116 100 11 5 6 0 0 6 6 0 0.0990991
32 0.00066988738 137 121 11 5 6 0 0 6 6 0 0.0833333
33 0.00072899913 157 141 11 5 6 0 0 6 6 0 0.0723684
34 0.00083897933 159 143 11 5 6 0 0 6 6 0 0.0714286
35 0.00089454004 159 143 11 5 6 0 0 6 6 0 0.0714286
36 0.001006267 160 144 11 5 6 0 0 6 6 0 0.0709677
37 0.0011032766 160 144 11 5 6 0 0 6 6 0 0.0709677
38 0.0011618991 162 144 12 6 6 0 0 6 6 0 0.0769231
39 0.0012622514 162 144 12 6 6 0 0 6 6 0 0.0769231
40 0.0014073816 162 144 12 6 6 0 0 6 6 0 0.0769231
41 0.001474565 162 144 12 6 6 0 0 6 6 0 0.0769231
42 0.0015629018 162 144 12 6 6 0 0 6 6 0 0.0769231
43 0.0016409679 162 144 12 6 6 0 0 6 6 0 0.0769231
44 0.0017476166 162 144 12 6 6 0 0 6 6 0 0.0769231
45 0.0018684096 162 144 12 6 6 0 0 6 6 0 0.0769231
46 0.001976549 162 144 12 6 6 0 0 6 6 0 0.0769231
47 0.0020528584 162 144 12 6 6 0 0 6 6 0 0.0769231
48 0.0021302971 162 144 12 6 6 0 0 6 6 0 0.0769231
49 0.0022259514 162 144 12 6 6 0 0 6 6 0 0.0769231
50 0.0023286201 162 144 12 6 6 0 0 6 6 0 0.0769231
51 0.0023977481 162 144 12 6 6 0 0 6 6 0 0.0769231
52 0.0025073106 162 144 12 6 6 0 0 6 6 0 0.0769231
53 0.0025878495 162 144 12 6 6 0 0 6 6 0 0.0769231
54 0.0026832513 162 144 12 6 6 0 0 6 6 0 0.0769231
55 0.0027834137 162 144 12 6 6 0 0 6 6 0 0.0769231
56 0.002890441 162 144 12 6 6 0 0 6 6 0 0.0769231
57 0.0030040284 162 144 12 6 6 0 0 6 6 0 0.0769231
58 0.0030951416 163 145 12 6 6 0 0 6 6 0 0.0764331
59 0.0031621907 163 145 12 6 6 0 0 6 6 0 0.0764331
60 0.0032321427 163 145 12 6 6 0 0 6 6 0 0.0764331
61 0.0033202318 163 145 12 6 6 0 0 6 6 0 0.0764331
62 0.0034270575 163 145 12 6 6 0 0 6 6 0 0.0764331
63 0.0034883524 163 145 12 6 6 0 0 6 6 0 0.0764331
64 0.0035804619 163 145 12 6 6 0 0 6 6 0 0.0764331
65 0.0036510191 163 145 12 6 6 0 0 6 6 0 0.0764331
66 0.0037106715 163 145 12 6 6 0 0 6 6 0 0.0764331
67 0.0037741219 163 145 12 6 6 0 0 6 6 0 0.0764331
68 0.0038267846 163 145 12 6 6 0 0 6 6 0 0.0764331
69 0.0038796006 163 145 12 6 6 0 0 6 6 0 0.0764331
70 0.0039361444 163 145 12 6 6 0 0 6 6 0 0.0764331
71 0.0040343008 163 145 12 6 6 0 0 6 6 0 0.0764331
72 0.0040939835 163 145 12 6 6 0 0 6 6 0 0.0764331
73 0.004191117 163 145 12 6 6 0 0 6 6 0 0.0764331
74 0.0042397548 163 145 12 6 6 0 0 6 6 0 0.0764331
75 0.0043275123 163 145 12 6 6 0 0 6 6 0 0.0764331
76 0.0044017342 163 145 12 6 6 0 0 6 6 0 0.0764331
77 0.004461091 163 145 12 6 6 0 0 6 6 0 0.0764331
78 0.0045073411 163 145 12 6 6 0 0 6 6 0 0.0764331
79 0.0045876352 163 145 12 6 6 0 0 6 6 0 0.0764331
80 0.0046752092 163 145 12 6 6 0 0 6 6 0 0.0764331
81 0.004737317 163 145 12 6 6 0 0 6 6 0 0.0764331
82 0.0047628983 163 145 12 6 6 0 0 6 6 0 0.0764331
83 0.0048453708 163 145 12 6 6 0 0 6 6 0 0.0764331
84 0.0049482999 163 145 12 6 6 0 0 6 6 0 0.0764331
85 0.004998569 163 145 12 6 6 0 0 6 6 0 0.0764331
86 0.0050725659 163 145 12 6 6 0 0 6 6 0 0.0764331
87 0.0051266461 163 145 12 6 6 0 0 6 6 0 0.0764331
88 0.0051906543 163 145 12 6 6 0 0 6 6 0 0.0764331
89 0.0052862815 163 145 12 6 6 0 0 6 6 0 0.0764331
90 0.0053645293 163 145 12 6 6 0 0 6 6 0 0.0764331
91 0.0054507935 163 145 12 6 6 0 0 6 6 0 0.0764331
92 0.0054987387 163 145 12 6 6 0 0 6 6 0 0.0764331
93 0.0055779184 163 145 12 6 6 0 0 6 6 0 0.0764331
94 0.0056221108 163 145 12 6 6 0 0 6 6 0 0.0764331
95 0.0056942235 163 145 12 6 6 0 0 6 6 0 0.0764331
