#1:time #2:r #3.binary? #4:ID #5:zams_m #6:m_progenitor #7:bh mass #8:bh_spin #9:birth-kick(km/s) #10-28:kick_info array
0.000190747492053937507 0.197411 1 44533 130.444 42.075 40.8728 0 0.0520364 1 0 0 34.3282 349.535 347.672 -0.0217523 -0.0472718 0 0.0520364 0 0 0 0 0 221.541 -220.778 1234 3.6188
0.000190747492053937507 0.394828 0 56421 142.241 45.1009 42.1792 0 0 1 1 0 -29.3085 2.20675 0 0 0 -0 0 0 0 0 0 0 0 0 1234 3.55731
0.000190747492053937507 0.460263 0 10887 122.193 39.9787 39.4535 0 0 1 1 0 11.5102 338.047 0 0 -0 0 0 0 0 0 0 0 0 0 1234 3.67053
0.000190747492053937507 0.693105 0 36186 141.553 45.0326 42.15 0 0 1 1 0 56.9759 277.067 0 0 -0 0 0 0 0 0 0 0 0 0 1234 3.56001
0.000190747492053937507 0.735396 0 18321 122.839 40.0594 39.523 0 0 1 1 0 22.1901 59.3888 0 0 0 0 0 0 0 0 0 0 0 0 1234 3.66621
0.000190747492053937507 1.46534 0 89576 134.969 43.2945 41.4318 0 0 1 1 0 -29.284 232.048 0 -0 -0 -0 0 0 0 0 0 0 0 0 1234 3.59336
0.000190747492053937507 2.03338 0 86417 121.615 39.9591 39.4365 0 0 1 1 0 -86.9521 153.991 0 -0 0 -0 0 0 0 0 0 0 0 0 1234 3.67444
0.000207213878154605547 0.21375 0 40521 98.0733 33.5956 33.4757 0 0 1 1 0 -29.296 324.574 0 0 -0 -0 0 0 0 0 0 0 0 0 1234 3.88054
0.000207213878154605547 0.347828 1 10974 95.004 32.3464 32.0743 0 0.0274021 1 0 0 -23.4493 45.7983 314.614 -0.0197219 -0.0190241 -0 0.0274021 0 0 0 0 0 112.908 -106.182 1234 3.91492
0.000207213878154605547 0.336399 1 34276 104.516 35.399 34.6785 0 0.0211069 1 0 0 42.6014 357.723 70.2708 0.0188333 -0.00388337 0 0.0192295 0 0 0 0 0 218.359 -214.241 1234 3.81259
0.000207213878154605547 0.336399 1 100050 88.6014 30.6274 30.1274 0 0.0211069 2 0 0 27.5974 59.9838 332.462 -0.00739065 -0.0138526 0 0.0211069 0 0 0 0 0 186.046 -184.31 1234 4.00084
0.000207213878154605547 0.476657 1 21849 101.893 34.4477 34.0026 0 0.0221646 1 0 0 1.91448 141.737 16.959 0.00999257 -0.0197843 0 0.0221646 0 0 0 0 0 165.717 -165.264 1234 3.83921
0.000207213878154605547 0.516952 1 55803 93.8089 31.1574 30.6574 0 0.358523 1 0 0 -5.58797 106.19 71.8008 0.340588 -0.111974 -0 0.358523 0 0 0 0 0 44.2253 132.765 1234 3.92716
0.000207213878154605547 0.567361 1 31699 89.5502 30.6807 30.1807 0 0.0365455 1 0 0 45.2951 52.8566 63.9427 0.0337255 -0.0140769 0 0.0365455 0 0 0 0 0 34.8225 -29.8356 1234 3.98661
0.000207213878154605547 0.729881 1 23508 117.232 39.4363 38.9553 0 0.176734 1 0 0 13.2094 136.164 102.148 0.172776 0.0371927 0 0.176734 0 0 0 0 0 333.225 73.7224 1234 3.70876
0.000207213878154605547 0.827813 1 57334 97.5102 32.3195 32.0228 0 0.242878 1 0 0 -76.7766 49.2585 0.56548 0.00239705 -0.242867 -0 0.242878 0 0 0 0 0 163.871 240.083 1234 3.88286
0.000207213878154605547 0.861665 0 57745 95.9774 32.6138 32.5189 0 0 1 1 0 -50.301 37.7459 0 0 0 -0 0 0 0 0 0 0 0 0 1234 3.90483
0.000207213878154605547 0.959843 1 69578 108.595 37.2221 36.5208 0 0.26194 1 0 0 -4.24013 51.5516 149.595 0.132568 0.225916 -0 0.26194 0 0 0 0 0 224.184 276.503 1234 3.7795
0.000233022805774894852 0.231268 0 655 80.9449 27.9513 27.4513 0 0 1 1 0 17.6871 41.6387 0 0 0 0 0 0 0 0 0 0 0 0 1234 4.12418
0.000233022805774894852 0.33869 1 100013 68.1465 24.7754 24.2754 0 0.0423919 2 0 0 0.349658 337.298 140.899 0.0263771 0.0331861 0 0.0423919 0 0 0 0 0 46.1351 -19.3924 1234 4.39154
0.000233022805774894852 0.361075 1 13077 81.6516 28.2088 27.7088 0 0.0261867 1 0 0 71.19 103.215 60.8001 0.0259118 -0.00378445 0 0.0261867 0 0 0 0 0 293.217 -292.213 1234 4.11169
0.000233022805774894852 0.407154 0 20930 81.4548 28.2826 27.7826 0 0 1 1 0 -77.5112 346.079 0 0 -0 -0 0 0 0 0 0 0 0 0 1234 4.11497
0.000233022805774894852 0.467173 0 4727 71.3488 24.9501 24.4501 0 0 1 1 0 -7.65386 313.96 0 0 -0 -0 0 0 0 0 0 0 0 0 1234 4.32388
0.000233022805774894852 0.528463 1 100031 65.9485 23.4838 22.9838 0 0.0120192 2 0 0 50.6222 52.8771 208.987 -0.00468274 0.0110695 0 0.0120192 0 0 0 0 0 211.859 -211.476 1234 4.46469
0.000233022805774894852 0.696754 0 92331 76.3605 26.5092 26.0092 0 0 1 1 0 -12.2791 359.534 0 0 -0 -0 0 0 0 0 0 0 0 0 1234 4.21107
0.000233022805774894852 0.740481 0 46129 75.9119 26.3864 25.8864 0 0 1 1 0 40.707 101.912 0 -0 0 0 0 0 0 0 0 0 0 0 1234 4.2202
0.000233022805774894852 0.811149 1 100062 79.9925 27.6653 27.1653 0 0.00962601 2 0 0 38.5948 95.8815 254.061 -0.00798174 0.00538069 0 0.00962601 0 0 0 0 0 346.276 -345.786 1234 4.14027
0.000233022805774894852 0.837834 0 72346 66.1829 23.4366 22.9366 0 0 1 1 0 -22.1205 349.529 0 0 -0 -0 0 0 0 0 0 0 0 0 1234 4.45914
0.000233022805774894852 0.880463 1 100034 110.961 47.8006 43.3654 0 1.45432 2 0 0 4.07532 358.655 32.3294 0.777751 -1.22888 0 1.45432 0 0 0 0 0 220.205 6.25892 1234 4.51314
0.000233022805774894852 1.08115 0 47773 74.3749 26.0637 25.5637 0 0 1 1 0 71.9484 345.915 0 0 -0 0 0 0 0 0 0 0 0 0 1234 4.25579
0.000233022805774894852 1.17297 1 76912 64.6132 23.109 22.609 0 0.225612 1 0 0 -44.081 317.062 175.165 0.0190143 0.22481 -0 0.225612 0 0 0 0 0 136.842 230.028 1234 4.50634
0.000233022805774894852 1.31722 0 51906 68.025 24.0509 23.5509 0 0 1 1 0 31.1405 51.2627 0 0 0 0 0 0 0 0 0 0 0 0 1234 4.4079
0.000233022805774894852 1.4057 0 79389 72.2194 25.2854 24.7854 0 0 1 1 0 -47.2305 221.883 0 -0 -0 -0 0 0 0 0 0 0 0 0 1234 4.30607
0.000233022805774894852 1.46541 0 76216 82.7308 28.6698 28.1698 0 0 1 1 0 78.7729 252.753 0 -0 -0 0 0 0 0 0 0 0 0 0 1234 4.09214
0.000233022805774894852 1.57765 1 54904 72.2752 23.6727 23.1727 0 0.427257 1 0 0 7.85682 151.538 287.354 -0.407809 -0.127437 0 0.427257 0 0 0 0 0 330.844 53.4731 1234 4.30018
0.000233022805774894852 1.71348 0 83120 82.6339 28.6551 28.1551 0 0 1 1 0 -5.65043 237.183 0 -0 -0 -0 0 0 0 0 0 0 0 0 1234 4.09386
0.000233022805774894852 1.9032 1 54038 77.9083 25.775 25.275 0 0.353311 1 0 0 -30.4626 143.476 40.4767 0.229348 -0.268753 -0 0.353311 0 0 0 0 0 136.272 264.343 1234 4.17887
0.000233022805774894852 1.97491 1 92609 78.1421 25.683 25.183 0 0.397535 1 0 0 -26.6101 236.047 67.2031 0.366481 -0.154031 -0 0.397535 0 0 0 0 0 183.138 114.686 1234 4.17387
0.000233022805774894852 2.3823 0 37001 66.4677 23.5456 23.0456 0 0 1 1 0 -40.5862 28.7219 0 0 0 -0 0 0 0 0 0 0 0 0 1234 4.45048
0.000260478808605004754 0.312302 0 9450 62.4316 22.3421 21.8421 0 0 1 1 0 -48.6089 92.8567 0 -0 0 -0 0 0 0 0 0 0 0 0 1234 4.5758
0.000260478808605004754 0.317064 0 1937 51.3259 19.2273 18.7273 0 0 1 1 0 -20.1361 88.5222 0 0 0 -0 0 0 0 0 0 0 0 0 1234 5.04771
0.000260478808605004754 0.32966 0 21739 54.0722 20.0286 19.5286 0 0 1 1 0 -58.3704 312.187 0 0 -0 -0 0 0 0 0 0 0 0 0 1234 4.91012
0.000260478808605004754 0.379066 1 26478 61.784 22.1596 21.7102 0 0.104222 1 0 0 2.15123 169.588 256.027 -0.0934375 0.0461687 0 0.104222 0 0 0 0 0 56.0032 -54.7362 1234 4.59778
0.000260478808605004754 0.433143 1 14131 58.6839 19.0654 18.5654 0 0.570033 1 0 0 -0.675418 219.435 292.452 -0.526825 -0.217698 -0 0.570033 0 0 0 0 0 212.455 338.123 1234 4.71686
0.000260478808605004754 0.436678 1 100043 55.0771 20.3691 19.8691 0 0.0362485 2 0 0 -64.5983 41.5295 15.8628 0.0105987 -0.0346644 0 0.0362485 0 0 0 0 0 270.544 -268.211 1234 4.85771
0.000260478808605004754 0.564479 1 33238 51.4299 17.106 16.5902 0 0.359973 1 0 0 -69.6645 265.32 261.963 -0.356437 0.0503297 -0 0.359973 0 0 0 0 0 300.928 212.668 1234 5.04586
0.000260478808605004754 0.620584 0 63087 55.1729 20.2508 19.7508 0 0 1 1 0 11.9747 129.97 0 -0 0 0 0 0 0 0 0 0 0 0 1234 4.85994
0.000260478808605004754 0.843131 1 100017 53.0901 19.7369 19.2369 0 0.0314352 2 0 0 -25.5822 177.823 340.815 -0.0161776 -0.0269529 -0 0.0314352 0 0 0 0 0 115.819 -114.728 1234 4.95578
0.000260478808605004754 0.854861 1 38130 55.322 18.8098 18.3098 0 0.274691 1 0 0 -19.681 279.963 210.518 -0.139489 0.236639 -0 0.274691 0 0 0 0 0 102.369 220.711 1234 4.85251
0.000260478808605004754 0.94759 1 100100 82.5138 38.3092 37.7667 0 0.145851 2 0 0 -63.9784 176.46 43.8826 0.101101 -0.105124 0 0.145851 0 0 0 0 0 93.7474 184.724 1234 4.76735
0.000260478808605004754 1.28054 1 9782 56.1788 20.4857 19.9857 0 0.239185 1 0 0 -11.5438 26.7355 132.169 0.177278 0.160568 -0 0.239185 0 0 0 0 0 263.619 109.765 1234 4.813
0.000260478808605004754 1.28368 0 87771 62.9173 22.4761 21.9761 0 0 1 1 0 14.3648 324.729 0 0 -0 0 0 0 0 0 0 0 0 0 1234 4.55987
0.000260478808605004754 1.36217 0 70168 60.8547 21.907 21.407 0 0 1 1 0 -57.1802 268.454 0 -0 -0 -0 0 0 0 0 0 0 0 0 1234 4.62987
0.000260478808605004754 1.72493 1 72082 53.7697 19.8767 19.4195 0 0.106127 1 0 0 -59.9046 181.371 39.2369 0.0877499 -0.0596893 -0 0.106127 0 0 0 0 0 162.041 -160.749 1234 4.92187
0.000260478808605004754 1.9993 1 92337 56.4754 18.7825 18.2825 0 0.335719 1 0 0 -73.1557 64.7243 319.146 -0.219608 -0.253929 -0 0.335719 0 0 0 0 0 129.886 305.813 1234 4.80394
0.000260478808605004754 2.00235 1 93362 57.7089 18.8639 18.3639 0 0.505025 1 0 0 27.5624 16.8986 156.071 0.204842 0.461617 0 0.505025 0 0 0 0 0 335.016 265.688 1234 4.75462
0.000260478808605004754 2.51958 1 54014 60.0681 19.8877 19.3877 0 0.372542 1 0 0 39.3156 116.558 271.296 -0.372447 -0.00842711 0 0.372542 0 0 0 0 0 19.3271 277.319 1234 4.66099
0.00028681105880479994 0.147762 1 100084 73.827 37.3739 36.6947 0 0.998932 2 0 0 -33.0551 32.6449 97.5496 0.990273 0.131244 0 0.998932 0 0 0 0 0 262.731 301.738 1234 5.40215
0.00028681105880479994 0.317706 0 58138 50.5971 19.0382 18.5382 0 0 1 1 0 -22.0972 164.042 0 -0 0 -0 0 0 0 0 0 0 0 0 1234 5.08748
0.00028681105880479994 0.504757 0 27492 46.5274 18.11 17.604 0 0 1 1 0 -35.6366 123.051 0 -0 0 -0 0 0 0 0 0 0 0 0 1234 5.34127
0.00028681105880479994 0.58907 0 54949 50.3268 19.0817 18.5817 0 0 1 1 0 16.5826 351.222 0 0 -0 0 0 0 0 0 0 0 0 0 1234 5.10258
0.00028681105880479994 0.605849 1 100037 44.8326 18.9316 18.4316 0 0.0940293 2 0 0 22.2778 348.449 76.4965 0.0940212 0.00123401 0 0.0940293 0 0 0 0 0 289.859 -287.11 1234 5.38981
0.00028681105880479994 0.635799 1 100111 61.9272 28.0608 27.5608 0 2.18864 2 0 0 -10.4515 196.761 33.9242 1.22147 -1.81608 0 2.18864 0 0 0 0 0 97.2249 160.713 1234 5.41523
0.00028681105880479994 0.69283 0 46736 46.2468 17.965 17.4574 0 0 1 1 0 -20.9731 64.3376 0 0 0 -0 0 0 0 0 0 0 0 0 1234 5.36056
0.00028681105880479994 0.84114 1 32885 50.1976 16.7288 16.2096 0 0.390999 1 0 0 -57.0864 148.441 304.501 -0.322227 -0.221472 -0 0.390999 0 0 0 0 0 84.6433 297.892 1234 5.11396
0.00028681105880479994 0.85246 0 8116 51.2458 19.2437 18.7437 0 0 1 1 0 -5.17038 150.234 0 -0 0 -0 0 0 0 0 0 0 0 0 1234 5.05216
0.00028681105880479994 0.865133 1 100081 78.6682 38.2132 37.6585 0 0.759269 2 0 0 -32.1876 251.639 125.083 0.621322 0.436403 0 0.759269 0 0 0 0 0 84.921 350.524 1234 5.29982
0.00028681105880479994 0.93655 1 59097 45.5331 15.1564 14.6249 0 0.438714 1 0 0 -0.264749 32.9089 291.946 -0.406922 -0.163965 -0 0.438714 0 0 0 0 0 111.932 269.489 1234 5.41535
0.00028681105880479994 0.960406 0 58988 44.1272 17.4307 16.9179 0 0 1 1 0 -52.8524 260.665 0 -0 -0 -0 0 0 0 0 0 0 0 0 1234 5.51949
0.00028681105880479994 1.03779 0 26082 48.0215 18.4437 17.9411 0 0 1 1 0 27.4581 259.372 0 -0 -0 0 0 0 0 0 0 0 0 0 1234 5.24145
0.00028681105880479994 1.07589 1 42705 45.1324 15.4647 14.9355 0 0.35767 1 0 0 44.13 104.445 65.2398 0.324789 -0.1498 0 0.35767 0 0 0 0 0 342.268 172.469 1234 5.44104
0.00028681105880479994 1.30688 1 72982 50.242 19.0578 18.5578 0 0.0925503 1 0 0 16.4226 256.499 67.8398 0.0896981 -0.0227994 0 0.0925503 0 0 0 0 0 218.867 -214.904 1234 5.10787
0.00028681105880479994 1.77093 1 100103 45.9975 18.5004 17.9984 0 0.0781079 2 0 0 -3.34382 239.565 43.3599 0.0681833 -0.0381037 0 0.0781079 0 0 0 0 0 224.007 -221.773 1234 5.35405
0.00028681105880479994 2.115 1 67629 46.0267 15.9776 15.4522 0 0.299857 1 0 0 24.5872 116.91 173.266 0.0351587 0.297788 0 0.299857 0 0 0 0 0 180.079 106.602 1234 5.37492
0.000314165248241465237 0.310019 0 17821 43.429 17.2618 16.7474 0 0 1 1 0 4.50919 265.666 0 -0 -0 0 0 0 0 0 0 0 0 0 1234 5.57633
0.000314165248241465237 0.372395 1 100010 52.8843 24.2737 23.7737 0 2.75778 2 0 0 -33.2609 155.337 34.6021 1.56607 -2.26997 0 2.75778 0 0 0 0 0 160.547 238.003 1234 5.85316
0.000314165248241465237 0.45368 1 23071 39.9447 37.959 16.7688 0 0.0778918 1 0 0 32.0433 61.3008 322.234 -0.0512018 -0.0372962 0 0.0633453 0 0 0 0 0 305.846 -303.75 1234 5.90273
0.000314165248241465237 0.45368 1 100033 39.2636 37.3614 17.3967 0 0.0778918 2 0 0 51.9567 302.19 235.884 -0.0255611 0.0240828 0 0.0778918 0 0 0 0 0 37.2938 -35.9548 1234 5.97292
0.000314165248241465237 0.486953 1 856 40.1975 13.3679 11.3083 0 14.4163 1 0 65.5083 4.48745 356.099 56.7715 14.1725 -2.47727 0.912367 14.4163 0 0 0 0 4.53221 245.807 -168.418 1234 5.87107
0.000314165248241465237 0.596455 1 56543 40.8624 14.4233 13.5591 0 0.998739 1 0 3.91 83.0451 256.792 352.6 -0.0922212 -0.636892 0.763769 0.998739 0 0 0 0 3.87718 51.4041 79.9884 1234 5.79914
0.000314165248241465237 0.611386 0 40723 41.8482 16.8793 16.3614 0 0 1 1 0 -59.2663 342.808 0 0 -0 -0 0 0 0 0 0 0 0 0 1234 5.71447
0.000314165248241465237 0.821011 1 32301 40.7758 13.7063 12.0049 0 10.5476 1 0 51.6177 -34.3691 247.328 260.149 -4.99993 -7.34892 -5.67861 10.5476 0 0 0 0 20.7478 303.008 81.6947 1234 5.81255
0.000314165248241465237 1.27527 0 92294 40.4853 38.4291 16.2732 0 0 1 1 0 -18.0663 232.356 0 -0 -0 -0 0 0 0 0 0 0 0 0 1234 5.8492
0.000314165248241465237 1.52076 0 68837 38.6759 36.8492 17.6477 0 0 1 1 0 -31.2559 51.3523 0 0 0 -0 0 0 0 0 0 0 0 0 1234 6.03603
0.000314165248241465237 2.02241 0 91119 38.8061 36.9628 17.5515 0 0 1 1 0 40.0617 70.607 0 0 0 0 0 0 0 0 0 0 0 0 1234 6.02184
0.000314165248241465237 2.06998 1 100124 55.6704 30.5754 30.0754 0 0.838947 2 0 0 12.3736 81.737 41.0984 0.551485 -0.632216 0 0.838947 0 0 0 0 0 232.265 299.037 1234 5.94452
0.000314165248241465237 2.62989 1 79215 39.3458 37.4358 18.263 0 0.233395 1 0 0 -39.2875 118.449 270.889 -0.233367 -0.00362292 -0 0.233395 0 0 0 0 0 66.2082 227.683 1234 5.96427
0.000364845806391077374 0.144131 1 13091 35.703 12.2514 9.17909 0 28.1582 1 0 156.79 10.6611 75.4817 185.94 5.92351 27.1265 4.68514 28.1582 0 0 0 0 158.176 29.8886 74.3757 1234 6.3891
0.000364845806391077374 0.211972 0 26108 34.2491 32.9306 19.4544 0 13.766 1 1 13.766 -27.3711 227.764 0 -8.21747 -9.05103 -6.32896 13.766 0 0 0 0 0 0 0 1234 6.60414
0.000364845806391077374 0.293465 1 22408 32.5278 11.0189 7.12852 0 72.1464 1 1 87.1324 12.0598 314.237 283.261 71.134 4.74891 11.0681 72.1464 -9.80331 -13.1341 1.22527 16.4351 6.77264 174.027 42.9665 1234 6.87566
0.000364845806391077374 0.301465 1 25681 34.646 12.3427 9.34348 0 6.0132 1 0 33.2355 -72.282 180.164 103.178 0.625836 0.586317 -5.95174 6.0132 0 0 0 0 25.3449 79.8791 175.993 1234 6.53548
0.000364845806391077374 0.310407 1 936 32.3585 11.0643 7.19857 0 274.586 1 1 226.179 11.0639 276.828 188.209 52.3915 -266.471 40.5693 274.586 -4.85984 12.8281 0.440822 13.7249 8.02543 24.3349 22.8984 1234 6.90391
0.000364845806391077374 0.315484 1 12058 33.7644 32.497 18.8959 0 14.9933 1 0 38.0349 25.2557 34.5295 85.2826 11.6048 7.26545 6.11086 14.9933 0 0 0 0 34.5986 245.969 -159.048 1234 6.67829
0.000364845806391077374 0.264244 1 29344 34.8919 33.5037 19.8139 0 3.31559 1 0 0.233649 25.2897 294.091 355.481 0.0281451 -0.138795 0.0435709 0.148171 0 0 0 0 0.655939 -14.5833 12.9823 1234 6.50993
0.000364845806391077374 0.403993 0 52745 34.9111 33.5209 19.8072 0 0 1 1 0 45.9155 31.6929 0 0 0 0 0 0 0 0 0 0 0 0 1234 6.50719
0.000364845806391077374 0.404597 1 17604 35.9877 12.2329 9.14593 0 6.91463 1 0 47.287 -19.8671 181.891 20.5118 -5.51924 -3.38759 -2.42371 6.91463 0 0 0 0 9.35357 136.597 -127.167 1234 6.35213
0.000364845806391077374 0.494109 1 100056 53.5724 26.4435 25.9435 0 2.50573 2 0 0 12.6433 283.032 325.005 -1.43704 -2.0527 0 2.50573 0 0 0 0 0 102.755 193.19 1234 6.13607
0.000364845806391077374 0.52478 1 100080 52.4956 28.9702 28.4702 0 2.09952 2 0 0 59.3889 65.7668 39.9354 1.34773 -1.60985 0 2.09952 0 0 0 0 0 17.6797 93.2236 1234 6.1028
0.000364845806391077374 0.578478 0 2340 34.9567 33.5621 19.7871 0 0 1 1 0 79.0017 301.897 0 0 -0 0 0 0 0 0 0 0 0 0 1234 6.50067
0.000364845806391077374 0.578608 1 100020 44.8903 24.9595 24.4595 0 2.83736 2 0 0 10.2309 19.6267 13.2666 0.651124 -2.76163 0 2.83736 0 0 0 0 0 87.0451 300.076 1234 6.60792
0.000364845806391077374 0.60927 1 44403 32.5405 11.0193 7.12917 0 95.4623 1 1 168.139 -30.1162 98.8491 262.396 -39.2533 81.3566 30.876 95.4623 -5.31674 12.251 -20.5861 24.5386 50.2617 21.2777 126.396 1234 6.87352
0.000364845806391077374 0.611129 1 100048 49.4774 24.9414 24.4414 0 3.40017 2 0 0 7.89488 337.167 41.7427 2.26379 -2.53701 0 3.40017 0 0 0 0 0 110.841 184.781 1234 6.45307
0.000364845806391077374 0.632175 0 39714 33.8303 32.5556 19.2032 0 36.5793 1 1 36.5793 -42.583 271.687 0 0.793054 -26.9216 -24.7517 36.5793 0 0 0 0 0 0 0 1234 6.66805
0.000364845806391077374 0.66283 1 47140 35.9944 12.1087 8.92559 0 9.8856 1 0 63.1847 -12.9393 187.696 166.898 -8.92542 3.55145 -2.33433 9.8856 0 0 0 0 6.11485 250.766 128.869 1234 6.35276
0.000364845806391077374 0.741466 0 42354 31.5388 30.4929 17.6958 0 51.0566 1 1 51.0566 -23.0206 206.022 0 -42.227 -20.6157 -19.9663 51.0566 0 0 0 0 0 0 0 1234 7.05769
0.000364845806391077374 0.768988 0 46875 32.4789 31.3421 18.3878 0 31.6981 1 1 31.6981 -15.8384 198.572 0 -28.9067 -9.7122 -8.65123 31.6981 0 0 0 0 0 0 0 1234 6.8891
0.000364845806391077374 0.77154 1 100088 42.4416 21.8486 21.3486 0 4.20563 2 0 0 -9.91976 180.311 65.7304 3.83394 -1.72864 0 4.20563 0 0 0 0 0 328.713 21.3556 1234 7.01771
0.000364845806391077374 0.806623 1 100047 40.479 21.7564 21.2564 0 3.64882 2 0 0 17.968 63.0647 127.38 2.89946 2.21517 0 3.64882 0 0 0 0 0 37.8182 121.798 1234 7.01548
0.000364845806391077374 0.857276 1 45673 35.3927 12.8818 10.3495 0 165.142 1 1 135.861 -2.74069 238.01 140.315 -80.8314 -143.882 -6.01471 165.142 3.19022 7.58903 -0.10012 8.23291 1.99004 55.9824 177.33 1234 6.4291
0.000364845806391077374 0.862297 0 63592 38.1448 36.3829 18.0227 0 0 1 1 0 -14.1447 73.6842 0 0 0 -0 0 0 0 0 0 0 0 0 1234 6.09525
0.000364845806391077374 1.00734 1 100122 50.2818 25.8797 25.3797 0 2.61558 2 0 0 -8.53243 271.778 196.109 -0.725726 2.51289 0 2.61558 0 0 0 0 0 5.61958 149.738 1234 6.32996
0.000364845806391077374 1.03636 0 52050 33.0577 31.8629 18.6949 0 16.2277 1 1 16.2277 -8.98443 160.857 0 -15.1423 5.25632 -2.53422 16.2277 0 0 0 0 0 0 0 1234 6.79153
0.000364845806391077374 1.15643 0 95787 36.1535 34.625 19.2251 0 0 1 1 0 28.4191 83.7138 0 0 0 0 0 0 0 0 0 0 0 0 1234 6.33758
0.000364845806391077374 1.56162 1 100077 47.0702 28.5482 28.0482 0 0.441495 2 0 0 13.9136 55.8891 82.7818 0.437996 -0.0554733 0 0.441495 0 0 0 0 0 166.292 141.232 1234 6.27454
0.000364845806391077374 1.85749 1 100125 37.8968 22.288 21.788 0 3.45762 2 0 0 -6.36324 147.425 201.354 -1.25901 3.22025 0 3.45762 0 0 0 0 0 256.218 5.78599 1234 7.03782
0.000364845806391077374 2.03786 1 100114 30.9059 34.2804 19.4444 0 0.192859 2 0 0 -1.30285 250.877 115.779 0.173666 0.0838736 0 0.192859 0 0 0 0 0 309.617 158.674 1234 7.06294
0.000364845806391077374 2.14886 1 100099 43.3206 21.6192 21.1192 0 3.31855 2 0 0 -69.0081 85.0486 254.329 -3.1952 0.896378 0 3.31855 0 0 0 0 0 218.6 178 1234 6.86704
0.000364845806391077374 2.21848 0 95359 35.2179 33.7948 19.6737 0 0 1 1 0 -47.7572 213.413 0 -0 -0 -0 0 0 0 0 0 0 0 0 1234 6.46384
0.000364845806391077374 2.36023 0 74117 32.4313 31.2994 18.3622 0 65.42 1 1 65.42 17.0354 144.394 0 -50.8554 36.4169 19.1656 65.42 0 0 0 0 0 0 0 1234 6.89733
0.000364845806391077374 2.61065 1 100076 38.2931 22.3618 21.8618 0 3.38251 2 0 0 4.59078 126.604 136.495 2.32859 2.45336 0 3.38251 0 0 0 0 0 359.757 207.168 1234 6.95472
0.000364845806391077374 2.63868 1 96946 37.2063 35.5561 18.6338 0 0.0412654 1 0 0 64.662 42.1274 150.573 0.00949555 0.0197288 0 0.021895 0 0 0 0 0 158.26 -156.663 1234 6.20527
0.000364845806391077374 2.63868 1 100129 36.3308 34.7806 19.1399 0 0.0412654 2 0 0 64.6201 13.777 127.672 0.0140312 0.0141728 0 0.0412654 0 0 0 0 0 52.6957 -49.3771 1234 6.3146
0.000364845806391077374 2.92543 1 50464 37.3021 14.6508 14.0747 0 0.592247 1 0 1.75339 73.9929 93.2285 257.824 -0.354172 0.198427 0.431214 0.592247 0 0 0 0 1.97628 28.0147 59.0658 1234 6.18756
0.000364845806391077374 3.37211 1 99781 31.8478 11.3319 7.61956 0 23.6308 1 1 84.6679 46.6095 337.725 121.674 21.6435 -9.47031 -0.534697 23.6308 10.1339 -0.271926 12.4854 16.0827 69.1253 287.959 248.386 1234 6.99292
0.000405390252910767083 0.319591 1 19762 28.312 10.5247 6.39507 0 311.124 1 1 324.557 -75.5909 147.902 223.362 -36.8782 18.6306 -308.369 311.124 -9.26806 8.07402 -1.14162 12.3446 94.9543 261.509 179.899 1234 7.75084
0.000405390252910767083 0.43203 1 10231 28.2489 9.76417 5.36607 0 141.985 1 1 132.629 -45.5273 342.678 203.445 118.902 -39.5648 -66.7588 141.985 -6.70415 7.86032 -3.66957 10.9634 34.0139 205.523 127.358 1234 7.7586
0.000405390252910767083 0.531814 0 6104 31.0552 30.0554 17.305 0 73.328 1 1 73.328 68.1136 239.48 0 -13.8814 -23.5472 68.0429 73.328 0 0 0 0 0 0 0 1234 7.14963
0.000405390252910767083 0.567888 0 37615 30.2622 29.3352 16.6312 0 108.495 1 1 108.495 75.198 115.471 0 -11.9205 25.0239 104.894 108.495 0 0 0 0 0 0 0 1234 7.30887
0.000405390252910767083 0.672119 1 100083 36.3409 18.4844 17.9822 0 3.82551 2 0 0 70.6958 281.635 42.2371 2.5715 -2.83229 0 3.82551 0 0 0 0 0 205.512 24.7397 1234 7.62215
0.000405390252910767083 0.702945 1 25690 30.3466 10.4425 6.27815 0 280.799 1 1 306.53 -75.6468 306.744 67.6319 -20.8576 -52.7464 -275.01 280.799 16.0142 -3.70132 -3.31201 16.7668 86.749 236.199 105.899 1234 7.28492
0.000405390252910767083 0.769087 1 100058 34.2063 18.626 18.1254 0 4.03874 2 0 0 34.2818 52.1421 231.188 -3.14703 2.53134 0 4.03874 0 0 0 0 0 261.314 85.232 1234 7.68252
0.000405390252910767083 0.825577 1 14462 30.5767 29.6208 16.9036 0 101.622 1 1 102.342 -30.1757 232.209 37.097 -58.6484 -66.6986 -49.3822 101.622 4.2649 -3.22601 -1.51605 5.55832 63.1209 340.68 314.212 1234 7.24443
0.000405390252910767083 0.91233 0 52810 28.9391 28.1275 15.4389 0 63.0543 1 1 63.0543 2.70387 244.406 0 -27.2088 -56.8039 2.97452 63.0543 0 0 0 0 0 0 0 1234 7.60051
0.000405390252910767083 0.913563 0 51918 29.7223 28.843 16.1529 0 137.74 1 1 137.74 32.6433 68.2771 0 42.9277 107.747 74.2982 137.74 0 0 0 0 0 0 0 1234 7.42374
0.000405390252910767083 0.916845 0 78666 31.397 30.365 17.5865 0 16.0103 1 1 16.0103 50.0275 127.837 0 -6.3092 8.12295 12.2696 16.0103 0 0 0 0 0 0 0 1234 7.08426
0.000405390252910767083 1.03714 0 61677 30.7097 29.7417 17.0204 0 118.011 1 1 118.011 -22.1385 184.344 0 -108.997 -8.28038 -44.4721 118.011 0 0 0 0 0 0 0 1234 7.21768
0.000405390252910767083 1.36928 0 11538 29.8112 28.9241 16.2337 0 42.1891 1 1 42.1891 -47.2842 259.073 0 -5.4253 -28.1006 -30.9974 42.1891 0 0 0 0 0 0 0 1234 7.40445
0.000405390252910767083 1.40622 1 81189 28.4689 9.73896 5.33398 0 222.659 1 1 313.615 33.8311 60.8922 123.487 65.6149 144.896 155.811 222.659 14.3447 14.656 2.29596 20.6359 126.747 342.183 145.159 1234 7.70462
0.000405390252910767083 1.45898 0 20080 29.6308 28.7596 16.0757 0 51.3275 1 1 51.3275 23.1522 84.6119 0 4.43157 46.9853 20.1807 51.3275 0 0 0 0 0 0 0 1234 7.44374
0.000405390252910767083 1.7522 1 78352 30.4866 10.7458 6.71676 0 183.849 1 1 155.361 -16.3877 211.757 148.351 -134.471 -118.336 -41.4097 183.849 3.49942 9.85736 -0.3705 10.4666 12.7394 170.297 307.533 1234 7.25591
0.000405390252910767083 1.84897 1 33373 30.3315 29.3979 14.8438 0 110.913 1 1 102.446 53.6248 324.647 246.892 75.4222 -32.3675 74.603 110.913 -15.8368 0.455028 3.5929 16.2456 36.2576 20.7894 55.5464 1234 7.29451
0.000476281820722198809 0.171888 0 2623 27.2523 26.5768 13.8466 0 175.254 1 1 175.254 -11.3362 138.077 0 -127.852 114.808 -34.4489 175.254 0 0 0 0 0 0 0 1234 8.0277
0.000476281820722198809 0.342504 0 813 25.894 25.3194 12.5344 0 206.468 1 1 206.468 -14.653 55.8036 0 112.267 165.219 -52.2291 206.468 0 0 0 0 0 0 0 1234 8.42652
0.000476281820722198809 0.343505 0 14340 24.1772 23.7182 10.8841 0 111.3 1 1 111.3 -79.3895 100.511 0 -3.73844 20.15 -109.397 111.3 0 0 0 0 0 0 0 1234 9.01842
0.000476281820722198809 0.41479 0 44164 27.4622 26.7706 14.0463 0 103.605 1 1 103.605 6.70588 171.365 0 -101.73 15.4482 12.0982 103.605 0 0 0 0 0 0 0 1234 7.97071
0.000476281820722198809 0.457254 1 52701 26.9052 26.2564 13.513 0 34.0942 1 1 35.3066 61.9715 343.617 42.2887 13.951 -3.35529 30.9278 34.0942 1.99111 -1.47711 0.160831 2.4844 109.434 251.004 221.98 1234 8.12451
0.000476281820722198809 0.619835 0 8771 26.5683 25.9449 13.1882 0 262.924 1 1 262.924 64.2304 182.053 0 -114.234 -4.09558 236.776 262.924 0 0 0 0 0 0 0 1234 8.22173
0.000476281820722198809 0.74349 0 40149 27.0102 26.3535 13.6111 0 96.289 1 1 96.289 -30.1138 131.723 0 -55.4338 62.1675 -48.3101 96.289 0 0 0 0 0 0 0 1234 8.09487
0.000476281820722198809 0.826799 0 30437 25.7613 25.196 12.4043 0 129.137 1 1 129.137 1.35687 348.304 0 126.42 -26.1716 3.05792 129.137 0 0 0 0 0 0 0 1234 8.46855
0.000476281820722198809 0.826867 1 61064 25.1516 24.6286 11.816 0 42.8733 1 1 42.2737 37.9682 248.01 200.233 -11.7944 -32.0867 25.8739 42.8733 -0.688485 1.55154 0.0935937 1.70002 38.4751 131.379 36.8283 1234 8.6692
0.000476281820722198809 0.827605 1 52340 27.3959 26.7093 13.9819 0 212.357 1 1 202.96 -10.3017 266.525 178.43 -10.7851 -208.996 -36.0529 212.357 -0.675757 8.76185 -0.137577 8.78895 9.36036 275.622 100.307 1234 7.9886
0.000476281820722198809 0.924718 1 44053 26.6572 26.0269 13.2709 0 200.96 1 1 195.378 50.5616 352.146 311.717 134.736 -1.61991 149.093 200.96 -10.8971 -12.2483 0.943327 16.4213 51.9923 40.39 15.7753 1234 8.19576
0.000476281820722198809 0.996287 0 90013 24.3197 23.8515 11.0182 0 293.77 1 1 293.77 36.3185 125.22 0 -136.51 193.372 173.992 293.77 0 0 0 0 0 0 0 1234 8.96499
0.000476281820722198809 1.02512 0 58326 26.1212 25.5305 12.755 0 122.197 1 1 122.197 52.8856 44.6665 0 52.441 51.834 97.4438 122.197 0 0 0 0 0 0 0 1234 8.35595
0.000476281820722198809 1.05805 0 83591 26.4693 25.853 13.091 0 177.892 1 1 177.892 -41.797 52.1089 0 81.4507 104.662 -118.564 177.892 0 0 0 0 0 0 0 1234 8.25094
0.000476281820722198809 1.11252 0 40968 26.3379 25.7312 12.9623 0 251.879 1 1 251.879 33.0039 68.9675 0 75.8115 197.161 137.198 251.879 0 0 0 0 0 0 0 1234 8.29015
0.000476281820722198809 1.12062 1 78351 24.732 24.237 11.4126 0 111.951 1 1 115.613 -54.178 309.963 52.6576 37.3865 -50.1939 -92.8214 111.951 6.66074 -2.18926 -0.581129 7.03534 111.501 31.1266 322.058 1234 8.81505
0.000476281820722198809 1.16255 1 66195 24.8763 24.372 11.5517 0 55.2376 1 1 71.5804 -15.7449 162.515 294.593 -43.3341 32.5806 -10.5759 55.2376 -15.5884 -7.91923 -4.44573 18.041 146.013 198.967 139.898 1234 8.76412
0.000476281820722198809 1.21375 0 31909 23.7783 23.3443 10.5059 0 322.899 1 1 322.899 13.5472 264.359 0 -30.8577 -312.395 75.6381 322.899 0 0 0 0 0 0 0 1234 9.17261
0.000476281820722198809 1.25402 0 39343 27.1107 26.4461 13.7083 0 171.547 1 1 171.547 -5.67219 336.791 0 156.892 -67.2724 -16.9551 171.547 0 0 0 0 0 0 0 1234 8.0668
0.000476281820722198809 1.29867 0 70821 23.7896 23.3548 10.5165 0 324.517 1 1 324.517 -4.59327 53.2488 0 193.548 259.181 -25.9879 324.517 0 0 0 0 0 0 0 1234 9.16817
0.000476281820722198809 1.42285 0 49452 27.0654 26.4044 13.6646 0 178.186 1 1 178.186 -6.59573 356.452 0 176.667 -10.9552 -20.4669 178.186 0 0 0 0 0 0 0 1234 8.07942
0.000476281820722198809 1.616 0 81393 26.1527 25.5597 12.7854 0 151.87 1 1 151.87 22.5287 114.555 0 -58.2947 127.594 58.1883 151.87 0 0 0 0 0 0 0 1234 8.34628
0.000476281820722198809 2.14426 0 93221 26.3761 25.7666 12.9995 0 114.887 1 1 114.887 -49.9838 92.1862 0 -2.81802 73.8191 -87.9876 114.887 0 0 0 0 0 0 0 1234 8.27868
0.000476281820722198809 2.31561 1 73951 24.7045 24.2113 6.25568 0 81.5019 1 1 121.962 -47.5736 345.683 46.5641 34.4762 -6.21375 -73.589 81.5019 11.8951 -6.08309 -2.96538 13.6854 103.14 29.4257 244.336 1234 8.82485
0.000476281820722198809 2.56775 0 91222 25.1967 24.6705 11.8617 0 184.328 1 1 184.328 -58.3557 305.803 0 56.5735 -78.4319 -156.922 184.328 0 0 0 0 0 0 0 1234 8.65392
0.000476281820722198809 2.99171 1 84297 24.4829 24.0042 11.1794 0 352.101 1 1 352.282 -38.979 326.979 339.604 232.198 -144.816 -221.557 352.101 -2.61332 -4.37752 -0.022309 5.09829 76.9963 66.0835 74.5384 1234 8.90484
0.000476281820722198809 3.65964 1 100070 26.5712 39.5897 18.3623 0 0.24969 2 0 0 27.0863 40.4236 334.593 -0.107126 -0.225542 0 0.24969 0 0 0 0 0 95.3082 217.555 1234 8.91593
0.000476281820722198809 3.73882 0 73287 25.9465 25.3681 12.5859 0 52.2547 1 1 52.2547 13.1718 190.019 0 -50.104 -8.85159 11.9074 52.2547 0 0 0 0 0 0 0 1234 8.41008
0.000583840464016854421 0.116236 1 100035 22.2356 13.2534 11.0782 0 37.9282 2 0 37.5138 50.1107 88.5323 228.547 -18.1849 29.3982 15.6079 37.9282 0 0 0 0 2.96634 115.834 35.7684 1234 10.1582
0.000583840464016854421 0.213371 1 26740 22.7959 8.01725 3.38145 0 202.116 1 1 169.506 24.835 295.962 190.081 88.5144 -169.766 64.7747 202.116 -3.41784 10.4259 0.644542 10.9907 18.3362 247.116 105.412 1234 9.57479
0.000583840464016854421 0.238402 0 17373 21.2736 20.9794 8.21643 0 224.74 1 1 224.74 54.4123 237.025 0 -71.1839 -109.718 182.764 224.74 0 0 0 0 0 0 0 1234 10.3253
0.000583840464016854421 0.256336 1 17878 23.0458 7.99616 3.36191 0 136.33 1 1 240.292 18.3927 54.5357 165.059 119.574 52.6589 38.9223 136.33 3.57739 21.6229 3.55056 22.2026 149.435 172.239 217.091 1234 9.46338
0.000583840464016854421 0.262724 1 9447 21.249 20.9562 8.19488 0 120.41 1 1 117.793 1.03165 340.011 284.809 113.816 -39.245 2.11831 120.41 -4.53603 -1.27317 0.00153192 4.71132 1.13817 10.8662 153.056 1234 10.3384
0.000583840464016854421 0.244621 1 9389 19.6551 19.4358 5.91309 0 281.226 1 1 286.01 -37.1136 19.9833 96.2161 208.391 76.9865 -172.436 281.226 6.81911 0.890132 -0.0543794 6.87718 140.522 269.925 102.384 1234 11.2897
0.000583840464016854421 0.361011 0 21394 23.558 23.1374 10.2971 0 199.687 1 1 199.687 59.4677 33.2658 0 84.8224 55.6454 171.999 199.687 0 0 0 0 0 0 0 1234 9.26081
0.000583840464016854421 0.376231 0 43834 23.0023 22.6147 9.77916 0 401.762 1 1 401.762 -52.994 181.36 0 -241.752 -5.73928 -320.836 401.762 0 0 0 0 0 0 0 1234 9.49348
0.000583840464016854421 0.39523 0 10088 22.1884 21.8467 9.03152 0 236.198 1 1 236.198 19.33 346.887 0 217.071 -50.5658 78.1837 236.198 0 0 0 0 0 0 0 1234 9.86311
0.000583840464016854421 0.367499 1 20796 21.7153 21.3987 8.60661 0 271.922 1 1 270.789 -37.4109 304.754 275.022 124.296 -177.31 -164.479 271.922 -1.6295 0.607513 -0.0140214 1.73912 38.0809 59.4418 153.874 1234 10.0955
0.000583840464016854421 0.463245 1 17034 23.2989 22.8939 10.0566 0 149.601 1 1 152.707 24.6315 167.135 306.418 -131.195 34.227 63.2203 149.601 -3.82446 -2.91814 0.205627 4.815 142.816 48.2617 267.992 1234 9.36743
0.000583840464016854421 0.466979 1 7892 20.11 19.8709 6.55239 0 364.62 1 1 363.871 -25.1012 218.08 44.2941 -263.462 -199.731 -153.764 364.62 4.5387 -4.03007 -0.233092 6.07418 60.5726 267.199 240.598 1234 10.997
0.000583840464016854421 0.473699 1 29162 21.6822 8.17607 3.54392 0 122.264 1 1 259.801 5.84057 225.401 272.583 -79.5693 -91.2338 17.134 122.264 -51.703 -23.5333 2.23638 56.8508 154.252 93.3969 148.937 1234 10.0955
0.000583840464016854421 0.613968 0 70426 20.5348 20.2764 7.24894 0 150.774 1 1 150.774 -3.37869 42.5402 0 110.898 101.762 -8.88586 150.774 0 0 0 0 0 0 0 1234 10.7397
0.000583840464016854421 0.652451 1 32402 20.817 20.5452 7.68536 0 275.707 1 1 274.877 -64.0987 222.106 131.807 -90.3476 -82.0241 -247.232 275.707 1.87113 2.18702 -0.0201074 2.87829 63.941 355.477 252.25 1234 10.5767
0.000583840464016854421 0.681566 0 67863 21.8555 21.5315 8.7328 0 83.401 1 1 83.401 -39.1108 3.1045 0 64.6182 3.50468 -52.6112 83.401 0 0 0 0 0 0 0 1234 10.0252
0.000583840464016854421 0.685612 1 63415 22.004 7.6938 3.09188 0 215.177 1 1 250.277 -57.9357 335.307 115.721 72.6164 -98.9632 -176.732 215.177 14.3876 9.18754 -3.93397 17.5183 91.8304 77.92 217.419 1234 9.94236
0.000583840464016854421 0.777709 0 100073 20.1526 19.9122 6.61511 0 189.173 1 1 189.173 29.3733 122.508 0 -88.5959 139.023 92.789 189.173 0 0 0 0 0 0 0 1234 10.9704
0.000583840464016854421 0.836142 0 52129 23.1843 22.7861 9.94756 0 264.773 1 1 264.773 -1.40436 192.117 0 -258.796 -55.5635 -6.48911 264.773 0 0 0 0 0 0 0 1234 9.41559
0.000583840464016854421 0.854516 0 100021 23.2244 22.8754 10.0366 0 261.346 1 1 261.346 -4.86316 273.546 0 16.1054 -259.907 -22.156 261.346 0 0 0 0 0 0 0 1234 9.39301
0.000583840464016854421 0.877595 1 100065 24.6674 14.3043 13.2938 0 24.1328 2 0 16.043 -36.1965 3.33526 43.1461 19.8556 -12.4939 -5.66143 24.1328 0 0 0 0 0.520491 183.589 160.364 1234 9.41453
0.000583840464016854421 0.897044 1 49128 22.3945 8.48092 3.91174 0 67.3996 1 1 125.56 87.1094 321.112 276.92 8.13917 42.6063 51.5865 67.3996 -23.9929 -13.2169 16.4674 31.9613 42.2792 289 322.756 1234 9.74985
0.000583840464016854421 0.93784 0 45637 20.7755 20.5057 7.62042 0 405.614 1 1 405.614 1.25506 77.0109 0 91.146 395.141 8.88426 405.614 0 0 0 0 0 0 0 1234 10.6003
0.000583840464016854421 0.948339 0 61811 20.3316 20.0825 6.87813 0 573.244 1 1 573.244 -16.4931 52.3071 0 336.076 434.943 -162.744 573.244 0 0 0 0 0 0 0 1234 10.8609
0.000583840464016854421 0.949352 1 85211 19.7305 19.508 6.01662 0 143.302 1 1 147.017 4.17294 93.7549 228.809 -5.89324 142.785 10.6275 143.302 -4.69627 4.79899 0.034506 6.71465 174.537 313.978 173.101 1234 11.2399
0.000583840464016854421 0.979827 0 48767 23.3396 22.9321 10.0931 0 116.642 1 1 116.642 64.9054 353.501 0 49.1517 -5.59921 105.632 116.642 0 0 0 0 0 0 0 1234 9.35046
0.000583840464016854421 0.98093 1 71987 22.2592 7.80519 3.18918 0 434.443 1 1 387.683 12.0264 258.381 175.377 -71.297 -421.153 79.2968 434.443 0.166503 13.947 0.156631 13.9489 10.209 260.011 290.378 1234 9.82016
0.000583840464016854421 1.03518 0 53175 21.2448 20.9523 8.1912 0 216.769 1 1 216.769 34.5183 245 0 -75.4833 -161.871 122.836 216.769 0 0 0 0 0 0 0 1234 10.3407
0.000583840464016854421 1.10645 0 68492 20.9655 20.6866 7.9198 0 232.981 1 1 232.981 16.4634 328.946 0 191.407 -115.255 66.0277 232.981 0 0 0 0 0 0 0 1234 10.4934
0.000583840464016854421 1.32024 0 71473 21.112 20.8259 8.07482 0 35.2634 1 1 35.2634 -39.6158 290.828 0 9.65885 -25.3895 -22.4852 35.2634 0 0 0 0 0 0 0 1234 10.4126
0.000583840464016854421 1.40432 0 49293 22.6261 22.26 9.43221 0 163.26 1 1 163.26 -79.7568 43.5805 0 21.031 20.0139 -160.658 163.26 0 0 0 0 0 0 0 1234 9.65984
0.000583840464016854421 1.49685 0 89799 22.5495 22.1879 9.36169 0 135.787 1 1 135.787 -70.9287 121.05 0 -22.8839 38.0106 -128.334 135.787 0 0 0 0 0 0 0 1234 9.69464
0.000583840464016854421 1.50421 0 79156 23.2412 22.8395 10.0009 0 65.6393 1 1 65.6393 -56.29 124.875 0 -20.8298 29.8865 -54.6025 65.6393 0 0 0 0 0 0 0 1234 9.39162
0.000583840464016854421 1.57075 0 88887 22.9003 22.5187 9.68415 0 304.003 1 1 304.003 60.75 93.6328 0 -9.41193 148.244 265.242 304.003 0 0 0 0 0 0 0 1234 9.53786
0.000583840464016854421 1.59936 1 93846 23.2464 8.1012 3.46011 0 15.4098 1 0 81.7921 -9.48771 308.542 55.7814 11.2875 -10.4128 -1.276 15.4098 0 0 0 0 86.0003 78.793 -3.54237 1234 9.37873
0.000583840464016854421 1.72925 0 82519 22.7851 22.4102 9.57737 0 273.233 1 1 273.233 0.426242 184.998 0 -272.187 -23.8025 2.03265 273.233 0 0 0 0 0 0 0 1234 9.5886
0.000583840464016854421 2.02267 1 89306 21.8963 21.57 8.76945 0 327.997 1 1 338.48 49.4465 25.3351 114.791 186.65 85.3754 255.841 327.997 14.9505 9.54387 0.741996 17.7526 125.833 170.754 209.114 1234 10.005
0.000583840464016854421 2.37521 0 94888 21.4107 21.1097 8.33617 0 239.701 1 1 239.701 3.00795 318.753 0 179.977 -157.818 12.5782 239.701 0 0 0 0 0 0 0 1234 10.2525
0.000583840464016854421 2.58383 1 61784 19.7154 19.4937 5.99596 0 370.526 1 1 368.635 -22.9779 320.769 304.387 265.585 -214.592 -143.891 370.526 -2.88422 -0.0180326 -0.00543837 2.88428 22.7258 215.469 76.9543 1234 11.2498
0.000583840464016854421 3.1484 0 98379 19.9855 19.7521 6.37364 0 172.806 1 1 172.806 -36.5864 336.991 0 127.717 -54.2358 -102.998 172.806 0 0 0 0 0 0 0 1234 11.0752
0.000583840464016854421 3.44072 0 72176 22.1015 21.7644 8.95395 0 274.223 1 1 274.223 -29.5317 51.1406 0 149.698 185.792 -135.166 274.223 0 0 0 0 0 0 0 1234 9.90477
0.000669887378652578888 0.243897 1 4512 18.6499 18.4711 4.63157 0 359.874 1 1 357.51 47.2726 310.496 224.394 159.722 -187.324 262.504 359.874 -3.27585 4.54932 0.049469 5.60625 47.4424 263.638 80.1212 1234 12.0076
0.000669887378652578888 0.244357 0 11241 19.5585 19.3433 5.78193 0 426.848 1 1 426.848 3.14437 175.341 0 -424.797 34.6164 23.4135 426.848 0 0 0 0 0 0 0 1234 11.3542
0.000669887378652578888 0.289843 0 89583 18.5142 18.3404 4.47181 0 618.257 1 1 618.257 22.64 97.6564 0 -76.0246 565.528 237.992 618.257 0 0 0 0 0 0 0 1234 12.1129
0.000669887378652578888 0.327216 0 1208 18.0346 17.8781 4.03694 0 355.172 1 1 355.172 -18.4443 115.465 0 -144.867 304.194 -112.371 355.172 0 0 0 0 0 0 0 1234 12.5065
0.000669887378652578888 0.493704 0 29108 17.5212 17.3822 3.64772 0 194.715 1 1 194.715 6.11344 344.653 0 186.703 -51.2417 20.7366 194.715 0 0 0 0 0 0 0 1234 12.9628
0.000669887378652578888 0.503701 0 32352 18.082 17.9238 4.07349 0 634.075 1 1 634.075 42.0605 1.09166 0 470.676 8.96892 424.776 634.075 0 0 0 0 0 0 0 1234 12.4662
0.000669887378652578888 0.577475 1 58139 18.4557 18.2841 4.40404 0 105.65 1 1 104.761 25.8744 297.148 298.94 44.966 -83.9812 45.6854 105.65 -2.55236 0.248699 0.0109148 2.56447 25.868 287.594 37.5578 1234 12.1589
0.000669887378652578888 0.616924 1 12902 17.5924 17.451 3.7006 0 186.361 1 1 187.037 -11.4811 39.7745 167.153 140.74 116.352 -37.2112 186.361 0.160092 0.922918 -0.00419759 0.936709 163.26 95.6578 90.8066 1234 12.8974
0.000669887378652578888 0.721822 1 45584 18.7309 18.549 4.72806 0 238.548 1 1 239.398 -1.69142 18.68 31.1709 224.829 79.4178 -7.06481 238.548 1.83463 -2.86146 -0.000384358 3.39909 172.491 187.748 240.887 1234 11.9457
0.000669887378652578888 0.770994 1 71744 19.2633 19.0603 4.83003 0 239.354 1 1 260.821 -55.8312 147.739 266.382 -89.5031 83.3847 -205.734 239.354 -28.3677 -0.269238 -2.8187 28.5087 108.092 141.133 222.665 1234 11.5572
0.000669887378652578888 0.788344 0 68675 17.8434 17.6936 3.88989 0 277.675 1 1 277.675 -28.47 220.56 0 -185.446 -158.72 -132.367 277.675 0 0 0 0 0 0 0 1234 12.6723
0.000669887378652578888 0.937775 0 71978 18.3549 18.1869 4.2886 0 235.511 1 1 235.511 -47.8804 29.0974 0 138.018 76.8118 -174.689 235.511 0 0 0 0 0 0 0 1234 12.2393
0.000669887378652578888 1.00479 0 40091 18.4306 18.2599 4.37471 0 313.689 1 1 313.689 -36.8769 342.09 0 238.767 -77.1678 -188.244 313.689 0 0 0 0 0 0 0 1234 12.1788
0.000669887378652578888 1.1041 0 37279 18.1633 18.0022 4.13717 0 216.382 1 1 216.382 -86.9532 95.3015 0 -1.06267 11.452 -216.076 216.382 0 0 0 0 0 0 0 1234 12.3976
0.000669887378652578888 1.118 1 20165 19.5688 19.3531 5.79576 0 258.73 1 1 258.115 -23.7594 10.952 240.589 232.808 44.0722 -103.92 258.73 -0.97061 0.936325 -0.0267443 1.34889 62.3333 75.3763 8.99241 1234 11.3473
0.000669887378652578888 1.20413 0 66346 17.7491 17.6026 3.8183 0 495.644 1 1 495.644 85.3037 114.563 0 -16.8689 36.9083 493.98 495.644 0 0 0 0 0 0 0 1234 12.7558
0.000669887378652578888 1.32314 0 75676 19.5761 19.3602 5.80568 0 595.519 1 1 595.519 -48.124 54.8447 0 228.89 325.011 -443.418 595.519 0 0 0 0 0 0 0 1234 11.3424
0.000669887378652578888 1.38273 1 89928 18.4693 18.2972 4.41948 0 194.555 1 1 197.247 38.7742 185.615 326.633 -150.032 -11.5279 123.326 194.555 -2.88749 -3.22784 0.0502495 4.33117 134.002 115.484 29.6262 1234 12.1482
0.000669887378652578888 1.54592 0 64692 19.4973 19.2849 5.69993 0 518.421 1 1 518.421 -57.5483 302.08 0 147.743 -235.702 -437.467 518.421 0 0 0 0 0 0 0 1234 11.3956
0.000669887378652578888 1.80138 0 67578 19.0245 18.8312 5.08823 0 365.361 1 1 365.361 5.23502 6.94407 0 361.168 43.9881 33.336 365.361 0 0 0 0 0 0 0 1234 11.7277
0.00072899912823629889 0.329777 0 59440 17.2924 17.1606 3.48022 0 222.472 1 1 222.472 74.733 15.7202 0 56.3896 15.8719 214.621 222.472 0 0 0 0 0 0 0 1234 13.1783
0.00072899912823629889 0.35368 0 8882 17.1943 17.0656 3.4094 0 454.824 1 1 454.824 33.2655 88.8828 0 7.41504 380.223 249.48 454.824 0 0 0 0 0 0 0 1234 13.2731
0.00072899912823629889 0.405997 1 13164 16.975 16.853 3.25362 0 807.922 1 1 812.879 54.0637 144.158 254.033 -378.388 276.889 657.945 807.922 -11.4833 3.62966 0.0625284 12.0435 123.629 261.444 16.6546 1234 13.4904
0.00072899912823629889 0.620882 0 31420 17.2358 17.1059 3.43941 0 438.366 1 1 438.366 73.5458 41.4756 0 93.0303 82.2357 420.414 438.366 0 0 0 0 0 0 0 1234 13.2328
0.00072899912823629889 0.70022 1 58423 16.6928 16.5792 3.05816 0 779.096 1 1 784.408 2.90114 234.396 321.073 -450.674 -634.277 39.6989 779.096 -5.73888 -2.78262 0.000465582 6.37791 175.121 252.271 228.989 1234 13.7818
0.00072899912823629889 0.742948 0 55629 16.7362 16.6213 3.08797 0 485.85 1 1 485.85 50.1323 236.553 0 -171.654 -259.863 372.903 485.85 0 0 0 0 0 0 0 1234 13.7362
0.00072899912823629889 0.815148 0 100063 17.0774 16.953 3.32644 0 153.34 1 1 153.34 6.10603 101.231 0 -29.6949 149.551 16.3106 153.34 0 0 0 0 0 0 0 1234 13.3878
0.00072899912823629889 0.82666 0 13059 16.8432 16.7252 3.16165 0 361.648 1 1 361.648 -2.52797 145.666 0 -298.346 203.775 -15.9512 361.648 0 0 0 0 0 0 0 1234 13.6248
0.00072899912823629889 0.863332 0 62493 17.4229 17.287 3.57548 0 354.335 1 1 354.335 28.3328 175.058 0 -310.728 26.8707 168.165 354.335 0 0 0 0 0 0 0 1234 13.0544
0.00072899912823629889 0.990853 0 87034 16.6954 16.5817 3.05998 0 277.397 1 1 277.397 68.2624 12.0831 0 100.459 21.5056 257.671 277.397 0 0 0 0 0 0 0 1234 13.7791
0.00072899912823629889 1.0338 0 60897 17.0845 16.9593 3.33106 0 434.682 1 1 434.682 -14.8289 306.759 0 251.472 -336.651 -111.25 434.682 0 0 0 0 0 0 0 1234 13.3809
0.00072899912823629889 1.05388 0 56843 17.0513 16.9271 3.30751 0 257.138 1 1 257.138 -52.5526 10.8719 0 153.542 29.4894 -204.145 257.138 0 0 0 0 0 0 0 1234 13.4139
0.00072899912823629889 1.1265 0 100090 16.9569 16.8392 3.24361 0 401.713 1 1 401.713 -23.4593 206.342 0 -330.243 -163.52 -159.921 401.713 0 0 0 0 0 0 0 1234 13.5073
0.00072899912823629889 1.2726 0 55568 16.9384 16.8176 3.22801 0 560.488 1 1 560.488 38.1478 287.747 0 134.354 -419.804 346.209 560.488 0 0 0 0 0 0 0 1234 13.5275
0.00072899912823629889 1.39385 0 64913 16.8438 16.7258 3.16209 0 369.924 1 1 369.924 -29.2041 210.984 0 -276.827 -166.229 -180.494 369.924 0 0 0 0 0 0 0 1234 13.6242
0.00072899912823629889 1.42743 0 84399 17.3512 17.2176 3.52303 0 376.386 1 1 376.386 56.627 312.857 0 140.826 -151.775 314.323 376.386 0 0 0 0 0 0 0 1234 13.1221
0.00072899912823629889 2.16611 0 88086 16.7687 16.6529 3.1102 0 391.982 1 1 391.982 -7.59139 143.242 0 -311.291 232.522 -51.7837 391.982 0 0 0 0 0 0 0 1234 13.7021
0.00072899912823629889 2.1732 0 100091 16.8988 16.7795 3.20055 0 472.365 1 1 472.365 1.38423 105.964 0 -129.876 454.017 11.4109 472.365 0 0 0 0 0 0 0 1234 13.5677
0.00072899912823629889 2.85982 0 100006 16.8744 16.761 3.18734 0 380.071 1 1 380.071 -32.4381 312.217 0 215.537 -237.565 -203.866 380.071 0 0 0 0 0 0 0 1234 13.5916
0.00072899912823629889 3.78839 0 98491 16.8663 16.7477 3.17768 0 255.464 1 1 255.464 40.839 93.5804 0 -12.0696 192.894 167.057 255.464 0 0 0 0 0 0 0 1234 13.6011
0.000838979326482891833 0.499971 0 126112 16.6058 27.5262 13.4715 0 164.833 1 1 164.833 -0.312032 141.934 0 -129.772 101.629 -0.897675 164.833 0 0 0 0 0 0 0 1234 14.157
0.000838979326482891833 1.75919 1 75916 15.382 27.251 8.62491 0 132.696 1 1 132.696 77.845 193.211 0 -27.2005 -6.3852 129.721 132.696 0 0 0 0 0 0 0 1234 15.2167
0.00100626700554883692 2.49941 0 100012 12.8886 23.87 11.0366 0 130.275 1 1 130.275 62.7837 262.84 0 -7.42599 -59.117 115.852 130.275 0 0 0 0 0 0 0 1234 17.6156
