# Lagrange radii [code units]
#1:t 2:r(0.0001) 3:r(0.0003) 4:r(0.0005) 5:r(0.0007) 6:r(0.0009) 7:r(0.001) 8:r(0.003) 9:r(0.005) 10:r(0.007) 11:r(0.009) 12:r(0.01) 13:r(0.03) 14:r(0.05) 15:r(0.07) 16:r(0.09) 17:r(0.1) 18:r(0.2) 19:r(0.3) 20:r(0.4) 21:r(0.5) 22:r(0.6) 23:r(0.7) 24:r(0.8) 25:r(0.9) 26:r(0.99)
0.000000000e+00 2.749892e-02 3.723889e-02 5.044667e-02 5.642066e-02 5.803148e-02 5.875637e-02 8.679152e-02 1.016591e-01 1.093559e-01 1.218148e-01 1.218731e-01 1.889377e-01 2.381715e-01 2.814437e-01 3.092100e-01 3.199031e-01 4.423266e-01 5.578030e-01 6.780381e-01 8.151453e-01 9.594806e-01 1.171554e+00 1.436031e+00 1.885805e+00 2.988416e+00 
9.033035684e-06 3.767766e-02 4.840173e-02 5.463608e-02 5.506163e-02 5.514171e-02 5.550902e-02 7.962674e-02 9.955772e-02 1.130158e-01 1.279038e-01 1.326623e-01 1.915202e-01 2.395465e-01 2.755301e-01 3.044843e-01 3.175962e-01 4.399652e-01 5.563327e-01 6.782103e-01 8.197481e-01 9.714753e-01 1.169493e+00 1.431569e+00 1.876940e+00 2.979543e+00 
1.914688475e-05 2.866886e-02 4.399442e-02 4.441110e-02 4.994058e-02 5.491207e-02 5.841456e-02 7.671836e-02 8.910770e-02 1.108158e-01 1.249790e-01 1.274407e-01 1.914412e-01 2.321855e-01 2.676883e-01 3.002428e-01 3.129830e-01 4.325336e-01 5.564880e-01 6.734489e-01 8.137625e-01 9.639548e-01 1.163050e+00 1.449907e+00 1.881402e+00 2.950726e+00 
2.866616607e-05 2.507525e-02 3.506613e-02 4.699560e-02 4.935159e-02 5.059043e-02 5.340447e-02 7.242954e-02 9.375997e-02 1.113966e-01 1.247735e-01 1.320816e-01 1.931357e-01 2.399323e-01 2.677028e-01 3.013215e-01 3.133982e-01 4.358521e-01 5.523282e-01 6.739428e-01 8.206571e-01 9.609559e-01 1.148807e+00 1.421562e+00 1.881480e+00 3.025288e+00 
4.493527558e-05 2.819570e-02 3.096643e-02 3.490355e-02 4.459056e-02 4.798260e-02 5.021224e-02 7.894272e-02 9.772656e-02 1.090976e-01 1.258823e-01 1.300983e-01 1.942041e-01 2.414329e-01 2.725723e-01 3.041451e-01 3.220096e-01 4.393740e-01 5.530038e-01 6.646599e-01 7.995808e-01 9.597259e-01 1.140978e+00 1.418069e+00 1.867970e+00 2.958756e+00 
5.020861028e-05 1.727273e-02 4.229804e-02 5.188188e-02 5.273895e-02 5.462971e-02 5.603932e-02 8.706277e-02 1.059978e-01 1.215297e-01 1.335489e-01 1.384817e-01 2.037773e-01 2.415771e-01 2.792703e-01 3.104428e-01 3.240498e-01 4.431941e-01 5.558877e-01 6.808672e-01 8.200533e-01 9.573961e-01 1.155417e+00 1.439315e+00 1.861926e+00 2.976301e+00 
5.766398429e-05 3.415784e-02 4.962968e-02 5.180770e-02 5.626367e-02 6.027602e-02 6.096563e-02 8.810034e-02 9.833018e-02 1.102381e-01 1.201677e-01 1.249522e-01 2.045871e-01 2.445446e-01 2.779046e-01 3.113239e-01 3.254394e-01 4.473566e-01 5.610947e-01 6.779336e-01 8.114715e-01 9.627964e-01 1.168688e+00 1.460831e+00 1.918947e+00 2.962858e+00 
6.370417215e-05 3.500240e-02 4.405466e-02 5.045343e-02 5.747522e-02 6.425975e-02 6.885832e-02 9.623993e-02 1.158410e-01 1.275878e-01 1.377119e-01 1.431224e-01 1.962016e-01 2.340120e-01 2.701738e-01 3.036239e-01 3.195208e-01 4.488958e-01 5.701661e-01 6.840873e-01 8.207577e-01 9.831402e-01 1.172314e+00 1.454265e+00 1.895154e+00 2.937068e+00 
6.884849119e-05 2.996771e-02 4.081217e-02 4.594463e-02 5.034235e-02 6.108977e-02 6.296630e-02 8.093047e-02 1.017195e-01 1.110427e-01 1.204114e-01 1.257288e-01 1.883347e-01 2.352945e-01 2.695077e-01 2.992401e-01 3.132453e-01 4.468052e-01 5.721588e-01 6.921279e-01 8.398174e-01 9.786259e-01 1.183778e+00 1.464975e+00 1.896350e+00 2.976726e+00 
8.073443671e-05 1.864071e-02 4.088275e-02 5.006174e-02 5.448424e-02 5.628497e-02 5.890017e-02 9.417135e-02 1.126480e-01 1.251230e-01 1.384821e-01 1.447576e-01 2.058778e-01 2.432504e-01 2.784570e-01 3.065547e-01 3.227648e-01 4.506637e-01 5.537065e-01 6.834039e-01 8.205765e-01 9.712049e-01 1.155649e+00 1.448901e+00 1.873772e+00 3.036971e+00 
8.859896538e-05 3.296946e-02 3.932667e-02 4.080403e-02 4.319416e-02 4.652565e-02 5.260899e-02 7.301228e-02 9.752049e-02 1.100455e-01 1.160477e-01 1.182203e-01 1.843822e-01 2.324536e-01 2.728617e-01 3.003069e-01 3.105874e-01 4.348482e-01 5.604927e-01 6.857013e-01 8.219708e-01 9.785632e-01 1.162549e+00 1.453126e+00 1.888012e+00 3.030492e+00 
9.597618580e-05 2.355216e-02 3.413208e-02 4.061646e-02 4.491370e-02 5.046688e-02 5.389949e-02 7.959591e-02 8.808148e-02 1.027092e-01 1.123088e-01 1.164948e-01 1.790638e-01 2.304756e-01 2.652698e-01 2.991479e-01 3.127410e-01 4.347164e-01 5.500873e-01 6.682417e-01 8.069376e-01 9.667909e-01 1.174078e+00 1.461273e+00 1.917397e+00 3.026008e+00 
1.017958149e-04 2.525822e-02 3.608485e-02 4.075345e-02 5.237298e-02 5.883869e-02 6.130865e-02 8.613811e-02 1.059001e-01 1.163940e-01 1.263515e-01 1.321771e-01 1.918039e-01 2.315080e-01 2.683666e-01 2.900746e-01 3.071028e-01 4.274454e-01 5.376545e-01 6.603518e-01 8.080494e-01 9.635418e-01 1.163563e+00 1.449923e+00 1.872395e+00 2.953346e+00 
1.110991777e-04 3.605506e-02 4.079502e-02 4.121555e-02 4.259261e-02 4.828163e-02 5.125518e-02 7.574496e-02 9.504997e-02 1.133535e-01 1.258659e-01 1.305538e-01 1.932451e-01 2.362167e-01 2.752398e-01 3.021503e-01 3.196371e-01 4.447739e-01 5.555486e-01 6.729616e-01 8.089779e-01 9.695300e-01 1.169271e+00 1.450181e+00 1.888086e+00 3.024847e+00 
1.147055659e-04 3.185883e-02 3.464064e-02 4.957601e-02 5.695581e-02 6.148511e-02 6.347185e-02 9.471260e-02 1.101192e-01 1.160902e-01 1.265253e-01 1.313662e-01 1.927479e-01 2.413103e-01 2.735456e-01 3.003515e-01 3.145146e-01 4.226671e-01 5.520984e-01 6.706542e-01 8.113413e-01 9.647885e-01 1.167523e+00 1.454468e+00 1.894164e+00 3.001417e+00 
1.232269430e-04 3.201891e-02 4.058845e-02 4.115793e-02 4.911186e-02 5.354010e-02 5.364319e-02 8.197392e-02 1.008656e-01 1.133138e-01 1.220121e-01 1.267403e-01 1.941021e-01 2.308618e-01 2.615351e-01 2.954215e-01 3.049736e-01 4.359391e-01 5.474929e-01 6.753869e-01 8.207606e-01 9.732861e-01 1.169571e+00 1.444245e+00 1.876779e+00 2.940032e+00 
1.307227986e-04 2.438970e-02 3.948983e-02 4.594473e-02 4.924799e-02 5.671392e-02 5.972383e-02 7.624569e-02 9.611414e-02 1.116923e-01 1.245553e-01 1.306146e-01 1.949074e-01 2.341092e-01 2.653732e-01 2.961482e-01 3.128970e-01 4.395657e-01 5.506661e-01 6.766986e-01 8.113241e-01 9.751865e-01 1.178048e+00 1.449308e+00 1.876211e+00 2.970891e+00 
1.424947638e-04 3.386264e-02 4.349863e-02 4.782912e-02 5.641670e-02 5.934643e-02 6.044309e-02 8.470656e-02 1.007748e-01 1.163126e-01 1.261983e-01 1.317090e-01 1.938790e-01 2.429597e-01 2.787251e-01 3.090262e-01 3.219296e-01 4.409524e-01 5.550199e-01 6.803164e-01 8.208484e-01 9.700054e-01 1.167477e+00 1.445542e+00 1.885335e+00 3.037477e+00 
1.537930223e-04 2.470407e-02 3.105020e-02 3.926807e-02 4.951821e-02 5.655958e-02 5.661677e-02 8.950937e-02 1.095497e-01 1.207734e-01 1.306001e-01 1.330202e-01 1.917179e-01 2.327371e-01 2.664960e-01 2.990947e-01 3.108082e-01 4.403064e-01 5.580439e-01 6.840487e-01 8.206926e-01 9.733413e-01 1.170204e+00 1.467066e+00 1.937501e+00 2.993908e+00 
1.591484673e-04 2.887217e-02 3.303027e-02 3.980755e-02 5.058897e-02 5.905823e-02 6.049948e-02 9.018894e-02 1.087337e-01 1.193966e-01 1.296803e-01 1.318290e-01 1.939554e-01 2.317304e-01 2.707512e-01 2.988720e-01 3.138063e-01 4.498265e-01 5.710051e-01 7.003655e-01 8.333724e-01 9.915700e-01 1.190955e+00 1.468890e+00 1.903939e+00 3.017096e+00 
1.686505595e-04 1.779494e-02 4.338088e-02 5.140690e-02 5.657200e-02 6.180867e-02 6.268692e-02 8.904954e-02 1.089310e-01 1.178701e-01 1.298733e-01 1.358760e-01 1.988783e-01 2.424057e-01 2.804376e-01 3.120449e-01 3.241692e-01 4.545857e-01 5.739381e-01 6.953007e-01 8.355301e-01 9.844299e-01 1.190226e+00 1.464296e+00 1.885879e+00 2.977942e+00 
1.747258709e-04 3.031421e-02 3.736474e-02 4.373871e-02 4.595230e-02 5.396405e-02 5.851276e-02 7.774252e-02 1.027845e-01 1.176123e-01 1.307588e-01 1.363932e-01 1.974110e-01 2.379040e-01 2.772157e-01 3.056401e-01 3.200017e-01 4.463258e-01 5.588356e-01 6.801382e-01 8.220017e-01 9.831374e-01 1.188628e+00 1.462240e+00 1.897649e+00 2.978372e+00 
1.907474921e-04 1.803682e-02 1.976720e-02 2.071111e-02 2.455868e-02 3.629349e-02 3.958703e-02 7.622160e-02 1.013747e-01 1.203117e-01 1.351812e-01 1.385316e-01 1.997645e-01 2.409428e-01 2.764649e-01 3.036890e-01 3.207081e-01 4.523608e-01 5.663935e-01 6.878956e-01 8.245818e-01 9.813382e-01 1.182812e+00 1.471134e+00 1.927379e+00 3.075068e+00 
2.072138782e-04 3.173897e-02 4.214331e-02 4.553758e-02 5.721541e-02 6.063845e-02 6.094218e-02 8.539209e-02 9.887600e-02 1.135403e-01 1.221714e-01 1.244048e-01 1.974912e-01 2.396310e-01 2.754133e-01 3.084723e-01 3.246993e-01 4.451208e-01 5.627273e-01 6.953974e-01 8.358001e-01 9.886163e-01 1.193189e+00 1.490551e+00 1.938796e+00 2.975119e+00 
2.330228058e-04 3.178945e-02 3.233780e-02 3.305494e-02 3.622714e-02 4.270432e-02 4.577238e-02 7.024536e-02 9.735324e-02 1.164507e-01 1.257843e-01 1.330604e-01 2.030297e-01 2.466435e-01 2.838637e-01 3.127014e-01 3.248311e-01 4.482886e-01 5.656340e-01 6.919711e-01 8.340386e-01 9.880425e-01 1.204839e+00 1.493656e+00 1.939364e+00 3.052924e+00 
2.604788086e-04 7.361699e-03 3.033549e-02 3.919428e-02 5.001847e-02 5.513459e-02 5.783050e-02 8.831999e-02 1.078953e-01 1.196598e-01 1.319056e-01 1.363908e-01 1.957968e-01 2.429481e-01 2.812294e-01 3.152184e-01 3.267762e-01 4.592319e-01 5.747230e-01 6.963790e-01 8.448363e-01 1.004678e+00 1.210751e+00 1.503066e+00 1.966218e+00 3.161025e+00 
2.868110588e-04 3.008656e-02 4.001646e-02 4.288425e-02 5.043681e-02 5.267341e-02 5.321975e-02 8.776177e-02 1.081662e-01 1.201307e-01 1.323546e-01 1.373305e-01 2.059120e-01 2.494737e-01 2.821972e-01 3.153291e-01 3.280060e-01 4.600295e-01 5.841310e-01 7.126811e-01 8.547353e-01 1.025820e+00 1.227659e+00 1.520762e+00 1.999592e+00 3.120057e+00 
3.141652482e-04 3.676819e-02 4.518388e-02 5.506795e-02 5.805440e-02 6.658957e-02 7.027769e-02 8.585704e-02 1.039505e-01 1.194674e-01 1.329789e-01 1.389011e-01 2.056390e-01 2.495488e-01 2.855151e-01 3.166580e-01 3.289947e-01 4.601653e-01 5.804335e-01 7.099566e-01 8.538036e-01 1.021341e+00 1.228884e+00 1.522816e+00 2.000922e+00 3.191403e+00 
3.648458064e-04 3.710498e-02 4.940478e-02 5.552061e-02 6.372529e-02 7.194407e-02 7.491366e-02 9.758455e-02 1.134253e-01 1.269950e-01 1.429604e-01 1.473671e-01 2.170285e-01 2.637017e-01 3.006864e-01 3.292993e-01 3.426503e-01 4.740359e-01 6.016753e-01 7.275678e-01 8.671626e-01 1.038223e+00 1.243042e+00 1.541971e+00 2.005408e+00 3.241053e+00 
4.053902529e-04 3.819301e-02 4.283482e-02 4.821941e-02 5.707803e-02 5.846110e-02 5.947808e-02 9.430775e-02 1.132162e-01 1.277492e-01 1.426718e-01 1.450179e-01 2.142869e-01 2.579558e-01 2.975467e-01 3.293363e-01 3.450472e-01 4.713288e-01 6.015888e-01 7.311677e-01 8.825472e-01 1.052793e+00 1.263715e+00 1.570258e+00 2.047324e+00 3.287162e+00 
4.762818207e-04 3.939065e-02 4.108385e-02 4.562597e-02 5.645214e-02 6.677888e-02 6.682280e-02 1.001325e-01 1.162359e-01 1.289937e-01 1.380499e-01 1.440108e-01 2.165739e-01 2.563363e-01 2.981725e-01 3.350269e-01 3.486815e-01 4.772778e-01 6.118894e-01 7.455449e-01 8.970444e-01 1.072574e+00 1.289151e+00 1.589362e+00 2.065936e+00 3.259654e+00 
5.838404640e-04 4.447079e-02 5.187519e-02 5.814760e-02 7.118227e-02 7.607132e-02 7.686734e-02 1.069665e-01 1.268512e-01 1.396051e-01 1.530315e-01 1.580124e-01 2.265085e-01 2.650849e-01 3.001698e-01 3.362882e-01 3.518100e-01 4.918778e-01 6.242866e-01 7.575297e-01 9.026762e-01 1.081935e+00 1.314679e+00 1.615394e+00 2.116342e+00 3.270751e+00 
6.698873787e-04 4.293065e-02 5.142626e-02 6.411043e-02 7.023804e-02 7.651868e-02 7.821150e-02 1.183858e-01 1.367812e-01 1.504300e-01 1.590632e-01 1.637447e-01 2.279956e-01 2.798888e-01 3.225832e-01 3.525590e-01 3.670619e-01 5.007721e-01 6.265136e-01 7.665950e-01 9.221307e-01 1.098050e+00 1.329475e+00 1.645297e+00 2.105518e+00 3.402308e+00 
7.289991282e-04 4.934536e-02 6.709650e-02 7.509031e-02 8.028151e-02 8.650642e-02 8.980551e-02 1.205234e-01 1.407051e-01 1.540311e-01 1.643808e-01 1.668701e-01 2.393502e-01 2.838848e-01 3.230529e-01 3.561035e-01 3.702011e-01 5.149705e-01 6.509398e-01 7.892603e-01 9.431115e-01 1.126773e+00 1.359781e+00 1.673076e+00 2.148829e+00 3.410402e+00 
8.389793265e-04 4.655623e-02 6.513133e-02 7.942820e-02 8.985078e-02 9.279026e-02 9.749405e-02 1.274262e-01 1.452410e-01 1.626704e-01 1.724894e-01 1.768854e-01 2.476241e-01 2.966003e-01 3.374091e-01 3.714560e-01 3.883697e-01 5.308092e-01 6.646846e-01 8.011338e-01 9.580519e-01 1.142274e+00 1.372771e+00 1.692503e+00 2.183663e+00 3.463180e+00 
8.945400354e-04 4.167373e-02 5.955791e-02 6.206479e-02 7.857007e-02 8.825699e-02 9.314940e-02 1.320578e-01 1.481768e-01 1.619883e-01 1.750406e-01 1.799608e-01 2.544065e-01 3.015461e-01 3.413393e-01 3.768883e-01 3.950912e-01 5.315200e-01 6.675937e-01 8.053241e-01 9.681193e-01 1.159005e+00 1.388271e+00 1.702390e+00 2.207523e+00 3.466633e+00 
1.006267006e-03 4.554871e-02 5.936617e-02 7.501253e-02 8.337272e-02 8.980167e-02 9.132753e-02 1.328034e-01 1.538437e-01 1.673136e-01 1.823741e-01 1.879262e-01 2.623181e-01 3.077243e-01 3.483660e-01 3.834408e-01 4.004777e-01 5.514136e-01 6.830531e-01 8.263794e-01 9.793312e-01 1.159449e+00 1.395779e+00 1.722107e+00 2.245578e+00 3.495438e+00 
1.103276631e-03 5.568255e-02 7.066923e-02 7.766154e-02 8.404021e-02 8.938674e-02 8.945535e-02 1.341085e-01 1.605767e-01 1.762974e-01 1.891742e-01 1.940136e-01 2.691170e-01 3.184733e-01 3.615225e-01 3.958893e-01 4.125413e-01 5.582815e-01 6.917794e-01 8.341111e-01 9.949625e-01 1.184000e+00 1.420086e+00 1.734665e+00 2.237186e+00 3.544199e+00 
1.161899061e-03 6.302048e-02 6.781717e-02 7.438943e-02 8.473769e-02 8.819749e-02 8.823950e-02 1.374620e-01 1.591720e-01 1.692864e-01 1.846640e-01 1.924705e-01 2.729414e-01 3.263633e-01 3.647621e-01 4.051521e-01 4.213802e-01 5.672520e-01 7.010935e-01 8.452659e-01 1.004359e+00 1.203333e+00 1.443497e+00 1.765979e+00 2.282535e+00 3.570557e+00 
1.262251375e-03 6.019766e-02 7.316824e-02 8.787498e-02 9.711927e-02 1.020784e-01 1.054106e-01 1.467444e-01 1.664520e-01 1.844894e-01 1.991028e-01 2.018003e-01 2.842586e-01 3.346607e-01 3.714402e-01 4.098892e-01 4.269122e-01 5.774287e-01 7.147968e-01 8.573589e-01 1.020895e+00 1.210683e+00 1.454250e+00 1.787242e+00 2.286416e+00 3.596480e+00 
1.407381614e-03 5.919340e-02 8.146240e-02 9.117759e-02 9.644286e-02 1.017066e-01 1.087491e-01 1.387405e-01 1.667236e-01 1.806892e-01 1.946301e-01 2.011042e-01 2.814943e-01 3.276972e-01 3.702596e-01 4.088805e-01 4.256007e-01 5.806129e-01 7.225910e-01 8.677607e-01 1.026539e+00 1.222727e+00 1.465803e+00 1.799820e+00 2.319028e+00 3.639277e+00 
1.474565012e-03 4.975028e-02 6.765814e-02 8.074423e-02 9.192147e-02 9.467410e-02 9.701463e-02 1.470391e-01 1.703490e-01 1.843997e-01 1.993599e-01 2.064163e-01 2.842590e-01 3.330631e-01 3.798664e-01 4.169221e-01 4.363046e-01 5.873373e-01 7.267363e-01 8.700413e-01 1.037912e+00 1.234810e+00 1.475576e+00 1.809117e+00 2.318261e+00 3.608254e+00 
1.562901802e-03 4.558201e-02 6.603054e-02 8.503573e-02 9.660370e-02 1.013625e-01 1.041021e-01 1.483532e-01 1.734879e-01 1.880899e-01 2.024659e-01 2.082508e-01 2.901508e-01 3.443548e-01 3.882613e-01 4.260145e-01 4.417071e-01 5.918374e-01 7.317212e-01 8.735940e-01 1.041572e+00 1.232652e+00 1.479479e+00 1.807808e+00 2.325777e+00 3.613749e+00 
1.640967884e-03 6.152851e-02 8.324381e-02 9.362611e-02 1.030975e-01 1.132746e-01 1.158573e-01 1.626236e-01 1.839361e-01 1.988894e-01 2.079328e-01 2.145319e-01 2.977595e-01 3.488615e-01 3.921173e-01 4.313793e-01 4.499477e-01 5.980380e-01 7.414205e-01 8.876089e-01 1.044695e+00 1.244032e+00 1.493832e+00 1.804915e+00 2.303296e+00 3.617188e+00 
1.747616631e-03 5.583767e-02 7.212043e-02 7.599348e-02 8.485317e-02 9.181506e-02 1.018609e-01 1.511982e-01 1.766921e-01 1.961412e-01 2.096421e-01 2.158787e-01 2.967568e-01 3.495060e-01 3.936877e-01 4.329891e-01 4.475440e-01 5.961236e-01 7.431486e-01 8.891556e-01 1.056965e+00 1.254376e+00 1.503113e+00 1.832737e+00 2.356436e+00 3.667855e+00 
1.868409619e-03 5.631041e-02 8.377608e-02 9.017771e-02 1.036525e-01 1.067670e-01 1.106828e-01 1.563369e-01 1.796331e-01 1.948250e-01 2.064202e-01 2.140226e-01 3.026679e-01 3.545508e-01 3.984294e-01 4.316581e-01 4.493643e-01 6.061496e-01 7.508581e-01 8.935237e-01 1.063116e+00 1.265091e+00 1.510426e+00 1.841079e+00 2.356599e+00 3.669546e+00 
1.976548952e-03 6.409272e-02 8.399852e-02 9.448415e-02 1.083901e-01 1.165555e-01 1.192775e-01 1.544184e-01 1.797624e-01 2.002096e-01 2.087540e-01 2.145302e-01 3.021214e-01 3.526058e-01 3.945765e-01 4.353969e-01 4.535556e-01 6.034412e-01 7.514582e-01 9.001919e-01 1.073102e+00 1.269631e+00 1.503229e+00 1.828650e+00 2.360939e+00 3.669742e+00 
2.052858373e-03 6.067418e-02 7.737188e-02 7.949255e-02 8.091185e-02 8.185809e-02 8.672313e-02 1.495590e-01 1.772540e-01 1.946892e-01 2.125874e-01 2.176313e-01 3.032073e-01 3.571643e-01 4.053352e-01 4.454829e-01 4.646004e-01 6.161280e-01 7.546973e-01 9.000922e-01 1.073072e+00 1.270866e+00 1.514986e+00 1.850296e+00 2.367027e+00 3.671140e+00 
2.130297074e-03 7.799198e-02 8.897430e-02 9.829951e-02 1.075690e-01 1.095849e-01 1.162632e-01 1.531119e-01 1.731055e-01 1.964722e-01 2.111899e-01 2.182497e-01 3.089283e-01 3.623120e-01 4.078016e-01 4.445492e-01 4.616190e-01 6.121477e-01 7.620950e-01 9.130060e-01 1.078089e+00 1.269902e+00 1.514842e+00 1.841042e+00 2.375934e+00 3.706751e+00 
2.225951391e-03 5.791435e-02 7.493369e-02 7.719049e-02 7.808010e-02 8.218798e-02 8.380716e-02 1.526369e-01 1.802831e-01 2.024539e-01 2.191114e-01 2.269892e-01 3.089678e-01 3.595166e-01 4.080613e-01 4.469605e-01 4.620231e-01 6.152868e-01 7.607182e-01 9.089148e-01 1.081772e+00 1.280529e+00 1.515256e+00 1.849604e+00 2.371617e+00 3.691312e+00 
2.328620073e-03 6.149286e-02 8.445600e-02 1.024821e-01 1.131705e-01 1.211642e-01 1.247346e-01 1.596694e-01 1.833534e-01 2.015792e-01 2.177190e-01 2.211446e-01 3.010998e-01 3.599831e-01 4.076713e-01 4.435288e-01 4.624247e-01 6.175567e-01 7.604387e-01 9.147450e-01 1.081950e+00 1.278440e+00 1.529999e+00 1.866528e+00 2.367592e+00 3.733727e+00 
2.397748077e-03 5.854672e-02 8.723015e-02 8.726113e-02 8.728878e-02 9.101938e-02 9.444000e-02 1.508302e-01 1.765507e-01 1.973029e-01 2.124063e-01 2.198978e-01 3.083044e-01 3.634325e-01 4.029853e-01 4.413417e-01 4.585389e-01 6.158718e-01 7.627820e-01 9.137817e-01 1.083598e+00 1.275892e+00 1.519488e+00 1.850229e+00 2.373286e+00 3.703528e+00 
2.507310648e-03 5.744765e-02 7.577298e-02 9.058478e-02 9.789215e-02 1.020430e-01 1.058526e-01 1.611726e-01 1.882870e-01 1.986587e-01 2.129606e-01 2.199867e-01 3.099182e-01 3.615167e-01 4.042092e-01 4.423982e-01 4.625562e-01 6.220173e-01 7.664812e-01 9.120121e-01 1.079685e+00 1.277699e+00 1.527874e+00 1.861220e+00 2.379177e+00 3.747533e+00 
2.587849527e-03 6.702079e-02 7.063846e-02 7.205051e-02 7.256488e-02 7.413797e-02 7.878411e-02 1.421982e-01 1.742378e-01 1.999713e-01 2.162220e-01 2.238859e-01 3.132390e-01 3.614397e-01 4.085481e-01 4.471665e-01 4.667279e-01 6.213130e-01 7.641544e-01 9.107359e-01 1.079672e+00 1.276317e+00 1.529614e+00 1.857045e+00 2.381829e+00 3.739383e+00 
2.683251301e-03 4.454153e-02 7.684949e-02 7.694174e-02 7.696481e-02 9.079606e-02 9.563616e-02 1.502523e-01 1.776556e-01 2.011482e-01 2.189318e-01 2.250431e-01 3.086540e-01 3.590725e-01 4.050302e-01 4.466721e-01 4.649724e-01 6.146623e-01 7.628589e-01 9.120766e-01 1.083596e+00 1.275389e+00 1.536815e+00 1.869140e+00 2.393305e+00 3.732780e+00 
2.783413703e-03 6.497959e-02 8.376072e-02 9.683312e-02 1.088117e-01 1.159672e-01 1.197471e-01 1.559309e-01 1.784751e-01 2.017062e-01 2.174804e-01 2.243059e-01 3.096613e-01 3.634443e-01 4.106040e-01 4.495396e-01 4.679731e-01 6.191353e-01 7.657694e-01 9.117884e-01 1.084791e+00 1.279521e+00 1.521687e+00 1.847426e+00 2.358734e+00 3.705043e+00 
2.890441007e-03 6.669044e-02 9.388704e-02 9.618730e-02 1.070217e-01 1.173528e-01 1.192867e-01 1.613596e-01 1.854354e-01 2.059607e-01 2.223961e-01 2.297060e-01 3.112646e-01 3.650212e-01 4.078169e-01 4.464400e-01 4.664067e-01 6.163946e-01 7.619307e-01 9.185082e-01 1.097385e+00 1.293872e+00 1.536705e+00 1.866380e+00 2.407248e+00 3.727203e+00 
3.004028418e-03 6.958127e-02 8.509824e-02 9.579653e-02 1.022252e-01 1.135167e-01 1.181736e-01 1.576088e-01 1.879167e-01 2.041428e-01 2.207313e-01 2.249729e-01 3.166956e-01 3.689084e-01 4.124561e-01 4.522790e-01 4.713428e-01 6.221732e-01 7.642754e-01 9.145756e-01 1.090449e+00 1.291609e+00 1.545216e+00 1.875195e+00 2.394461e+00 3.701506e+00 
3.095141646e-03 4.642105e-02 6.491936e-02 8.345749e-02 1.036083e-01 1.120875e-01 1.176383e-01 1.665366e-01 1.880380e-01 2.096923e-01 2.198776e-01 2.301539e-01 3.120058e-01 3.683571e-01 4.122205e-01 4.532303e-01 4.709534e-01 6.298295e-01 7.768685e-01 9.335298e-01 1.096038e+00 1.294447e+00 1.544006e+00 1.874527e+00 2.393350e+00 3.693464e+00 
3.162190682e-03 5.673956e-02 9.022538e-02 1.030947e-01 1.071653e-01 1.096522e-01 1.185233e-01 1.586021e-01 1.810005e-01 2.035103e-01 2.216839e-01 2.281709e-01 3.068572e-01 3.568887e-01 4.075233e-01 4.513774e-01 4.649479e-01 6.311726e-01 7.792342e-01 9.260400e-01 1.096617e+00 1.300384e+00 1.547348e+00 1.880863e+00 2.388731e+00 3.716136e+00 
3.232142652e-03 4.809686e-02 7.583057e-02 8.506081e-02 9.771104e-02 1.090617e-01 1.147629e-01 1.665138e-01 1.934381e-01 2.097007e-01 2.229756e-01 2.249502e-01 3.070703e-01 3.628183e-01 4.075298e-01 4.492280e-01 4.692478e-01 6.295551e-01 7.737587e-01 9.290538e-01 1.105415e+00 1.312284e+00 1.564533e+00 1.898660e+00 2.411043e+00 3.769865e+00 
3.320231761e-03 5.998657e-02 6.040388e-02 6.662871e-02 7.193971e-02 8.616701e-02 8.753808e-02 1.514718e-01 1.862290e-01 2.077760e-01 2.233847e-01 2.300869e-01 3.094488e-01 3.683136e-01 4.077978e-01 4.453643e-01 4.621009e-01 6.275383e-01 7.797587e-01 9.329073e-01 1.095610e+00 1.298782e+00 1.542140e+00 1.888950e+00 2.428223e+00 3.716301e+00 
3.427057468e-03 6.031900e-02 7.698567e-02 8.304499e-02 9.902124e-02 1.076806e-01 1.132652e-01 1.578866e-01 1.848270e-01 2.054744e-01 2.231955e-01 2.279485e-01 3.151588e-01 3.654494e-01 4.148393e-01 4.598823e-01 4.747408e-01 6.378449e-01 7.838129e-01 9.360006e-01 1.096777e+00 1.293487e+00 1.554619e+00 1.890779e+00 2.414873e+00 3.721752e+00 
3.488352375e-03 6.188272e-02 7.520357e-02 8.448298e-02 9.679401e-02 1.096350e-01 1.142031e-01 1.665354e-01 1.924572e-01 2.148227e-01 2.307344e-01 2.363065e-01 3.155181e-01 3.712781e-01 4.147416e-01 4.571571e-01 4.755474e-01 6.348510e-01 7.821205e-01 9.310248e-01 1.102485e+00 1.310796e+00 1.559056e+00 1.883513e+00 2.404064e+00 3.739366e+00 
3.580461873e-03 6.939755e-02 9.123319e-02 9.791368e-02 1.051095e-01 1.192378e-01 1.220505e-01 1.670106e-01 1.944535e-01 2.167819e-01 2.319171e-01 2.331520e-01 3.140458e-01 3.705158e-01 4.173883e-01 4.566302e-01 4.749956e-01 6.348682e-01 7.887285e-01 9.457446e-01 1.117178e+00 1.313028e+00 1.569811e+00 1.898099e+00 2.431176e+00 3.723673e+00 
3.651019070e-03 5.976658e-02 8.283279e-02 9.219842e-02 1.034219e-01 1.122043e-01 1.156808e-01 1.451004e-01 1.789362e-01 2.029464e-01 2.254584e-01 2.330617e-01 3.171299e-01 3.779958e-01 4.240701e-01 4.603777e-01 4.796427e-01 6.390431e-01 7.905947e-01 9.446264e-01 1.116868e+00 1.314644e+00 1.566029e+00 1.902061e+00 2.416227e+00 3.780290e+00 
3.710671450e-03 6.469536e-02 8.904673e-02 9.218149e-02 1.067557e-01 1.096716e-01 1.143503e-01 1.496370e-01 1.828365e-01 2.047788e-01 2.178440e-01 2.265606e-01 3.218762e-01 3.773714e-01 4.250514e-01 4.636874e-01 4.847985e-01 6.363594e-01 7.839599e-01 9.371525e-01 1.104311e+00 1.309827e+00 1.560763e+00 1.894578e+00 2.417503e+00 3.727223e+00 
3.774121926e-03 5.327915e-02 7.310405e-02 9.858886e-02 1.065105e-01 1.152516e-01 1.154856e-01 1.661528e-01 1.986680e-01 2.171489e-01 2.322878e-01 2.423290e-01 3.270794e-01 3.766457e-01 4.193159e-01 4.581544e-01 4.763380e-01 6.352254e-01 7.877090e-01 9.394624e-01 1.111318e+00 1.312033e+00 1.567410e+00 1.898253e+00 2.414154e+00 3.763693e+00 
3.826784574e-03 5.913364e-02 7.165097e-02 8.443450e-02 9.591879e-02 1.095451e-01 1.148628e-01 1.638998e-01 1.919224e-01 2.124787e-01 2.282136e-01 2.368397e-01 3.217180e-01 3.764457e-01 4.224635e-01 4.569010e-01 4.764384e-01 6.363845e-01 7.880535e-01 9.380305e-01 1.111509e+00 1.314811e+00 1.571308e+00 1.910480e+00 2.400308e+00 3.707035e+00 
3.879600638e-03 3.863511e-02 4.229585e-02 4.895663e-02 6.357376e-02 8.115647e-02 9.166656e-02 1.536479e-01 1.801462e-01 2.056492e-01 2.247224e-01 2.343577e-01 3.273982e-01 3.817807e-01 4.223067e-01 4.630789e-01 4.823784e-01 6.420860e-01 7.900849e-01 9.427723e-01 1.114110e+00 1.319180e+00 1.569439e+00 1.905430e+00 2.423886e+00 3.717756e+00 
3.936144396e-03 6.802382e-02 8.532584e-02 1.008018e-01 1.075469e-01 1.169182e-01 1.225001e-01 1.558272e-01 1.807809e-01 2.084842e-01 2.279226e-01 2.342370e-01 3.236440e-01 3.792507e-01 4.283898e-01 4.645730e-01 4.828952e-01 6.425689e-01 7.932187e-01 9.488129e-01 1.109658e+00 1.312714e+00 1.572345e+00 1.910384e+00 2.443468e+00 3.730269e+00 
4.034300778e-03 4.909520e-02 7.434251e-02 9.862855e-02 1.077117e-01 1.090111e-01 1.094749e-01 1.580267e-01 1.966825e-01 2.153543e-01 2.334026e-01 2.367470e-01 3.187260e-01 3.776140e-01 4.222906e-01 4.652819e-01 4.848028e-01 6.385292e-01 7.826772e-01 9.393204e-01 1.114111e+00 1.313673e+00 1.561867e+00 1.892082e+00 2.418757e+00 3.725747e+00 
4.093983486e-03 6.102623e-02 8.818423e-02 1.001131e-01 1.037396e-01 1.056051e-01 1.060322e-01 1.529968e-01 1.892645e-01 2.127017e-01 2.291960e-01 2.362316e-01 3.147785e-01 3.737536e-01 4.192241e-01 4.618316e-01 4.802294e-01 6.351338e-01 7.870670e-01 9.394261e-01 1.116390e+00 1.322950e+00 1.582058e+00 1.916883e+00 2.428782e+00 3.713436e+00 
4.191116993e-03 5.871099e-02 6.074009e-02 6.123794e-02 6.181766e-02 7.844734e-02 8.402715e-02 1.494424e-01 1.850943e-01 2.078947e-01 2.281197e-01 2.359414e-01 3.188858e-01 3.774797e-01 4.271935e-01 4.654806e-01 4.843854e-01 6.387194e-01 7.923584e-01 9.435875e-01 1.109770e+00 1.307691e+00 1.562034e+00 1.896116e+00 2.432762e+00 3.745958e+00 
4.239754827e-03 6.068861e-02 8.298439e-02 9.515691e-02 1.043482e-01 1.115557e-01 1.142888e-01 1.499223e-01 1.789209e-01 2.033430e-01 2.206440e-01 2.288204e-01 3.119490e-01 3.678807e-01 4.161702e-01 4.601625e-01 4.821557e-01 6.463357e-01 7.958311e-01 9.580222e-01 1.122953e+00 1.327372e+00 1.576796e+00 1.912052e+00 2.434529e+00 3.723184e+00 
4.327512312e-03 4.633573e-02 7.252279e-02 8.598401e-02 9.262346e-02 1.006745e-01 1.076807e-01 1.591113e-01 1.774432e-01 2.050752e-01 2.227936e-01 2.303357e-01 3.163523e-01 3.770911e-01 4.231402e-01 4.676753e-01 4.828421e-01 6.408717e-01 7.943820e-01 9.510464e-01 1.122502e+00 1.326068e+00 1.583964e+00 1.910882e+00 2.421954e+00 3.694668e+00 
4.401734175e-03 5.449559e-02 7.777353e-02 9.874768e-02 1.067386e-01 1.185233e-01 1.199895e-01 1.567080e-01 1.857150e-01 2.042646e-01 2.245871e-01 2.323629e-01 3.222059e-01 3.796505e-01 4.227458e-01 4.673371e-01 4.888542e-01 6.485983e-01 7.931546e-01 9.474624e-01 1.112570e+00 1.320702e+00 1.580345e+00 1.913917e+00 2.437601e+00 3.744669e+00 
4.461091036e-03 4.852215e-02 7.677429e-02 9.641504e-02 1.053107e-01 1.086890e-01 1.129699e-01 1.546520e-01 1.912444e-01 2.149543e-01 2.331486e-01 2.395148e-01 3.242912e-01 3.780546e-01 4.293544e-01 4.725295e-01 4.913184e-01 6.512588e-01 7.965212e-01 9.490001e-01 1.119843e+00 1.320281e+00 1.575853e+00 1.914875e+00 2.446299e+00 3.712374e+00 
4.507341069e-03 6.954535e-02 8.588466e-02 8.798102e-02 9.282923e-02 1.071908e-01 1.132864e-01 1.570913e-01 1.841473e-01 2.091995e-01 2.271053e-01 2.382912e-01 3.239681e-01 3.772560e-01 4.210092e-01 4.640518e-01 4.840751e-01 6.460150e-01 7.943612e-01 9.497412e-01 1.116287e+00 1.318139e+00 1.576188e+00 1.912761e+00 2.413916e+00 3.745665e+00 
4.587635221e-03 3.788480e-02 7.216522e-02 9.017108e-02 9.810067e-02 1.135673e-01 1.161464e-01 1.622705e-01 1.845503e-01 2.040917e-01 2.192078e-01 2.242457e-01 3.239638e-01 3.854501e-01 4.307586e-01 4.736089e-01 4.914337e-01 6.479738e-01 7.972938e-01 9.478939e-01 1.125476e+00 1.323097e+00 1.575168e+00 1.906775e+00 2.430726e+00 3.719279e+00 
4.675209185e-03 2.823012e-02 6.153919e-02 6.961147e-02 8.055472e-02 9.666259e-02 9.926918e-02 1.587767e-01 1.825675e-01 2.097562e-01 2.248573e-01 2.338714e-01 3.266373e-01 3.802823e-01 4.244981e-01 4.699119e-01 4.894384e-01 6.445902e-01 8.002547e-01 9.478973e-01 1.125276e+00 1.327147e+00 1.574817e+00 1.910743e+00 2.447056e+00 3.692642e+00 
4.737316973e-03 5.002509e-02 7.623236e-02 7.828438e-02 9.627985e-02 1.037833e-01 1.087950e-01 1.501143e-01 1.816376e-01 2.068711e-01 2.263678e-01 2.326389e-01 3.237857e-01 3.803709e-01 4.263594e-01 4.692627e-01 4.887554e-01 6.483766e-01 7.948895e-01 9.487013e-01 1.118798e+00 1.324534e+00 1.582282e+00 1.927304e+00 2.434319e+00 3.692061e+00 
4.762898319e-03 6.560056e-02 8.904472e-02 9.994809e-02 1.049776e-01 1.132613e-01 1.172458e-01 1.488409e-01 1.874267e-01 2.101544e-01 2.277124e-01 2.364690e-01 3.154490e-01 3.727775e-01 4.233275e-01 4.670636e-01 4.852826e-01 6.446746e-01 7.864140e-01 9.430294e-01 1.115115e+00 1.324893e+00 1.575610e+00 1.909805e+00 2.431085e+00 3.692730e+00 
4.845370815e-03 6.661774e-02 8.552888e-02 9.515195e-02 1.042150e-01 1.130561e-01 1.141103e-01 1.500617e-01 1.882685e-01 2.098014e-01 2.243830e-01 2.331888e-01 3.132173e-01 3.738011e-01 4.147192e-01 4.573081e-01 4.762694e-01 6.428012e-01 7.887882e-01 9.486110e-01 1.124050e+00 1.322836e+00 1.586739e+00 1.920034e+00 2.433064e+00 3.708360e+00 
4.948299854e-03 4.781492e-02 7.285657e-02 7.703875e-02 8.965601e-02 1.011338e-01 1.059184e-01 1.596183e-01 1.887591e-01 2.058716e-01 2.255003e-01 2.322039e-01 3.153346e-01 3.714302e-01 4.186440e-01 4.578681e-01 4.744109e-01 6.339071e-01 7.879272e-01 9.479053e-01 1.121493e+00 1.326200e+00 1.579272e+00 1.906027e+00 2.432399e+00 3.723045e+00 
4.998568968e-03 6.578315e-02 8.050687e-02 9.498527e-02 1.055897e-01 1.062960e-01 1.063963e-01 1.448029e-01 1.872186e-01 2.088396e-01 2.251500e-01 2.328910e-01 3.210752e-01 3.766235e-01 4.222792e-01 4.626481e-01 4.804414e-01 6.409336e-01 7.935646e-01 9.532046e-01 1.124587e+00 1.322918e+00 1.577692e+00 1.915398e+00 2.411742e+00 3.699297e+00 
5.072565902e-03 4.790759e-02 5.782504e-02 7.864046e-02 9.037437e-02 9.865972e-02 1.063989e-01 1.492829e-01 1.842008e-01 2.069744e-01 2.247059e-01 2.331413e-01 3.178228e-01 3.829521e-01 4.288672e-01 4.700349e-01 4.904941e-01 6.463295e-01 7.980897e-01 9.565420e-01 1.120288e+00 1.320276e+00 1.572058e+00 1.903783e+00 2.421357e+00 3.714417e+00 
5.126646117e-03 6.292849e-02 8.531940e-02 9.216795e-02 1.011566e-01 1.140888e-01 1.210793e-01 1.518962e-01 1.856365e-01 2.075362e-01 2.217919e-01 2.293554e-01 3.189600e-01 3.835035e-01 4.289584e-01 4.720466e-01 4.895164e-01 6.485097e-01 8.019408e-01 9.548442e-01 1.125035e+00 1.333367e+00 1.581690e+00 1.921552e+00 2.421776e+00 3.735760e+00 
5.190654269e-03 7.407568e-02 7.834313e-02 7.848213e-02 7.918410e-02 8.929158e-02 9.374110e-02 1.495771e-01 1.872526e-01 2.109482e-01 2.292855e-01 2.381084e-01 3.318314e-01 3.839326e-01 4.285148e-01 4.690724e-01 4.904023e-01 6.464442e-01 7.913273e-01 9.487504e-01 1.118744e+00 1.317837e+00 1.569050e+00 1.900407e+00 2.420491e+00 3.694058e+00 
5.286281491e-03 6.436134e-02 8.494583e-02 9.310086e-02 9.679438e-02 1.053114e-01 1.073819e-01 1.495698e-01 1.876814e-01 2.084089e-01 2.234034e-01 2.331763e-01 3.254919e-01 3.797844e-01 4.207645e-01 4.613252e-01 4.778834e-01 6.469422e-01 7.941393e-01 9.463912e-01 1.129323e+00 1.339057e+00 1.592723e+00 1.923209e+00 2.440168e+00 3.737060e+00 
5.364529322e-03 7.005261e-02 8.303258e-02 9.456921e-02 9.788539e-02 1.037821e-01 1.064698e-01 1.558764e-01 1.762429e-01 2.011863e-01 2.187734e-01 2.270879e-01 3.174527e-01 3.744226e-01 4.223573e-01 4.618008e-01 4.798238e-01 6.445267e-01 8.008445e-01 9.578929e-01 1.125465e+00 1.336970e+00 1.585821e+00 1.912513e+00 2.424730e+00 3.710381e+00 
5.450793497e-03 5.741033e-02 8.012475e-02 9.766361e-02 1.056134e-01 1.113425e-01 1.148201e-01 1.601697e-01 1.802229e-01 2.081352e-01 2.252151e-01 2.315229e-01 3.321254e-01 3.800310e-01 4.275941e-01 4.680478e-01 4.847727e-01 6.504558e-01 8.010863e-01 9.539376e-01 1.129300e+00 1.334437e+00 1.584328e+00 1.921489e+00 2.428263e+00 3.713211e+00 
5.498738677e-03 5.813310e-02 7.895707e-02 9.763724e-02 1.080290e-01 1.178812e-01 1.206629e-01 1.566797e-01 1.881589e-01 2.114749e-01 2.323350e-01 2.405804e-01 3.220734e-01 3.796845e-01 4.280717e-01 4.667168e-01 4.863767e-01 6.430903e-01 7.945964e-01 9.533014e-01 1.120363e+00 1.331670e+00 1.585827e+00 1.929504e+00 2.447053e+00 3.737570e+00 
5.577918388e-03 7.041142e-02 8.379789e-02 9.335806e-02 1.039678e-01 1.124859e-01 1.149372e-01 1.470657e-01 1.859698e-01 2.093180e-01 2.284681e-01 2.365015e-01 3.302984e-01 3.903223e-01 4.318634e-01 4.753492e-01 4.945268e-01 6.479196e-01 7.992285e-01 9.543877e-01 1.130719e+00 1.331754e+00 1.585370e+00 1.921584e+00 2.445187e+00 3.698020e+00 
5.622110783e-03 5.000440e-02 7.698072e-02 8.533808e-02 9.218049e-02 1.020089e-01 1.021684e-01 1.558496e-01 1.883898e-01 2.067583e-01 2.145132e-01 2.234898e-01 3.220626e-01 3.851220e-01 4.309476e-01 4.723813e-01 4.915185e-01 6.480735e-01 7.958686e-01 9.500107e-01 1.129367e+00 1.334119e+00 1.597710e+00 1.929452e+00 2.445697e+00 3.716371e+00 
5.694223452e-03 6.434439e-02 8.145352e-02 9.650699e-02 1.086786e-01 1.150330e-01 1.172286e-01 1.537037e-01 1.793281e-01 2.051457e-01 2.234593e-01 2.311295e-01 3.166784e-01 3.788740e-01 4.323949e-01 4.734153e-01 4.949785e-01 6.450642e-01 7.921067e-01 9.524415e-01 1.131777e+00 1.334358e+00 1.586887e+00 1.918682e+00 2.433263e+00 3.721602e+00 
